0,0
0.005,-2.6504e-08
0.01,-5.3007e-08
0.015,-5.3007e-08
0.02,-5.3007e-08
0.025,-5.3007e-08
0.03,-5.3007e-08
0.035,-5.3007e-08
0.04,-5.3007e-08
0.045,-5.3007e-08
0.05,-5.3007e-08
0.055,-5.3007e-08
0.06,-5.3007e-08
0.065,-5.3007e-08
0.07,-5.3007e-08
0.075,-5.3007e-08
0.08,-5.3007e-08
0.085,-5.3007e-08
0.09,-5.3007e-08
0.095,-5.3007e-08
0.1,-5.3007e-08
0.105,-5.3007e-08
0.11,-5.3007e-08
0.115,-5.1988e-08
0.12,-5.1988e-08
0.125,-5.1988e-08
0.13,-5.1988e-08
0.135,-5.1988e-08
0.14,-5.1988e-08
0.145,-5.1988e-08
0.15,-5.1988e-08
0.155,-5.1988e-08
0.16,-5.1988e-08
0.165,-5.1988e-08
0.17,-5.1988e-08
0.175,-5.1988e-08
0.18,-5.1988e-08
0.185,-5.1988e-08
0.19,-5.1988e-08
0.195,-5.1988e-08
0.2,-5.0968e-08
0.205,-5.0968e-08
0.21,-5.0968e-08
0.215,-5.0968e-08
0.22,-5.0968e-08
0.225,-5.0968e-08
0.23,-5.0968e-08
0.235,-5.0968e-08
0.24,-5.0968e-08
0.245,-5.0968e-08
0.25,-5.0968e-08
0.255,-5.0968e-08
0.26,-4.9949e-08
0.265,-4.9949e-08
0.27,-4.9949e-08
0.275,-4.9949e-08
0.28,-4.9949e-08
0.285,-4.9949e-08
0.29,-4.9949e-08
0.295,-4.9949e-08
0.3,-4.9949e-08
0.305,-4.9949e-08
0.31,-4.9949e-08
0.315,-4.893e-08
0.32,-4.893e-08
0.325,-4.893e-08
0.33,-4.893e-08
0.335,-4.893e-08
0.34,-4.893e-08
0.345,-4.893e-08
0.35,-4.893e-08
0.355,-4.893e-08
0.36,-4.893e-08
0.365,-4.791e-08
0.37,-4.791e-08
0.375,-4.791e-08
0.38,-4.791e-08
0.385,-4.791e-08
0.39,-4.791e-08
0.395,-4.791e-08
0.4,-4.791e-08
0.405,-4.6891e-08
0.41,-4.6891e-08
0.415,-4.6891e-08
0.42,-4.6891e-08
0.425,-4.6891e-08
0.43,-4.6891e-08
0.435,-4.6891e-08
0.44,-4.6891e-08
0.445,-4.5872e-08
0.45,-4.5872e-08
0.455,-4.5872e-08
0.46,-4.5872e-08
0.465,-4.5872e-08
0.47,-4.5872e-08
0.475,-4.5872e-08
0.48,-4.5872e-08
0.485,-4.4852e-08
0.49,-4.4852e-08
0.495,-4.4852e-08
0.5,-4.4852e-08
0.505,-4.4852e-08
0.51,-4.4852e-08
0.515,-4.4852e-08
0.52,-4.3833e-08
0.525,-4.3833e-08
0.53,-4.3833e-08
0.535,-4.3833e-08
0.54,-4.3833e-08
0.545,-4.3833e-08
0.55,-4.3833e-08
0.555,-4.2813e-08
0.56,-4.2813e-08
0.565,-4.2813e-08
0.57,-4.2813e-08
0.575,-4.2813e-08
0.58,-4.2813e-08
0.585,-4.2813e-08
0.59,-4.1794e-08
0.595,-4.1794e-08
0.6,-4.1794e-08
0.605,-4.1794e-08
0.61,-4.1794e-08
0.615,-4.1794e-08
0.62,-4.0775e-08
0.625,-4.0775e-08
0.63,-4.0775e-08
0.635,-4.0775e-08
0.64,-4.0775e-08
0.645,-4.0775e-08
0.65,-4.0775e-08
0.655,-3.9755e-08
0.66,-3.9755e-08
0.665,-3.9755e-08
0.67,-3.9755e-08
0.675,-3.9755e-08
0.68,-3.9755e-08
0.685,-3.8736e-08
0.69,-3.8736e-08
0.695,-3.8736e-08
0.7,-3.8736e-08
0.705,-3.8736e-08
0.71,-3.8736e-08
0.715,-3.7717e-08
0.72,-3.7717e-08
0.725,-3.7717e-08
0.73,-3.7717e-08
0.735,-3.7717e-08
0.74,-3.6697e-08
0.745,-3.6697e-08
0.75,-3.6697e-08
0.755,-3.6697e-08
0.76,-3.6697e-08
0.765,-3.6697e-08
0.77,-3.5678e-08
0.775,-3.5678e-08
0.78,-3.5678e-08
0.785,-3.5678e-08
0.79,-3.5678e-08
0.795,-3.5678e-08
0.8,-3.4659e-08
0.805,-3.4659e-08
0.81,-3.4659e-08
0.815,-3.4659e-08
0.82,-3.4659e-08
0.825,-3.3639e-08
0.83,-3.3639e-08
0.835,-3.3639e-08
0.84,-3.3639e-08
0.845,-3.3639e-08
0.85,-3.262e-08
0.855,-3.262e-08
0.86,-3.262e-08
0.865,-3.262e-08
0.87,-3.262e-08
0.875,-3.262e-08
0.88,-3.16e-08
0.885,-3.16e-08
0.89,-3.16e-08
0.895,-3.16e-08
0.9,-3.16e-08
0.905,-3.0581e-08
0.91,-3.0581e-08
0.915,-3.0581e-08
0.92,-3.0581e-08
0.925,-3.0581e-08
0.93,-2.9562e-08
0.935,-2.9562e-08
0.94,-2.9562e-08
0.945,-2.9562e-08
0.95,-2.9562e-08
0.955,-2.8542e-08
0.96,-2.8542e-08
0.965,-2.8542e-08
0.97,-2.8542e-08
0.975,-2.8542e-08
0.98,-2.7523e-08
0.985,-2.7523e-08
0.99,-2.7523e-08
0.995,-2.7523e-08
1,-2.7523e-08
1.005,-2.6504e-08
1.01,-2.6504e-08
1.015,-2.6504e-08
1.02,-2.6504e-08
1.025,-2.6504e-08
1.03,-2.5484e-08
1.035,-2.5484e-08
1.04,-2.5484e-08
1.045,-2.5484e-08
1.05,-2.5484e-08
1.055,-2.4465e-08
1.06,-2.4465e-08
1.065,-2.4465e-08
1.07,-2.4465e-08
1.075,-2.3445e-08
1.08,-2.3445e-08
1.085,-2.3445e-08
1.09,-2.3445e-08
1.095,-2.3445e-08
1.1,-2.2426e-08
1.105,-2.2426e-08
1.11,-2.2426e-08
1.115,-2.2426e-08
1.12,-2.2426e-08
1.125,-2.1407e-08
1.13,-2.1407e-08
1.135,-2.1407e-08
1.14,-2.1407e-08
1.145,-2.1407e-08
1.15,-2.0387e-08
1.155,-2.0387e-08
1.16,-2.0387e-08
1.165,-2.0387e-08
1.17,-1.9368e-08
1.175,-1.9368e-08
1.18,-1.9368e-08
1.185,-1.9368e-08
1.19,-1.9368e-08
1.195,-1.8349e-08
1.2,-1.8349e-08
1.205,-1.8349e-08
1.21,-1.8349e-08
1.215,-1.7329e-08
1.22,-1.7329e-08
1.225,-1.7329e-08
1.23,-1.7329e-08
1.235,-1.7329e-08
1.24,-1.631e-08
1.245,-1.631e-08
1.25,-1.631e-08
1.255,-1.631e-08
1.26,-1.631e-08
1.265,-1.5291e-08
1.27,-1.5291e-08
1.275,-1.5291e-08
1.28,-1.5291e-08
1.285,-1.4271e-08
1.29,-1.4271e-08
1.295,-1.4271e-08
1.3,-1.4271e-08
1.305,-1.4271e-08
1.31,-1.3252e-08
1.315,-1.3252e-08
1.32,-1.3252e-08
1.325,-1.3252e-08
1.33,-1.2232e-08
1.335,-1.2232e-08
1.34,-1.2232e-08
1.345,-1.2232e-08
1.35,-1.1213e-08
1.355,-1.1213e-08
1.36,-1.1213e-08
1.365,-1.1213e-08
1.37,-1.1213e-08
1.375,-1.0194e-08
1.38,-1.0194e-08
1.385,-1.0194e-08
1.39,-1.0194e-08
1.395,-9.1743e-09
1.4,-9.1743e-09
1.405,-9.1743e-09
1.41,-9.1743e-09
1.415,-9.1743e-09
1.42,-8.1549e-09
1.425,-8.1549e-09
1.43,-8.1549e-09
1.435,-8.1549e-09
1.44,-7.1356e-09
1.445,-7.1356e-09
1.45,-7.1356e-09
1.455,-7.1356e-09
1.46,-6.1162e-09
1.465,-6.1162e-09
1.47,-6.1162e-09
1.475,-6.1162e-09
1.48,-5.0968e-09
1.485,-5.0968e-09
1.49,-5.0968e-09
1.495,-5.0968e-09
1.5,-5.0968e-09
1.505,-4.0775e-09
1.51,-4.0775e-09
1.515,-4.0775e-09
1.52,-4.0775e-09
1.525,-3.0581e-09
1.53,-3.0581e-09
1.535,-3.0581e-09
1.54,-3.0581e-09
1.545,-2.0387e-09
1.55,-2.0387e-09
1.555,-2.0387e-09
1.56,-2.0387e-09
1.565,-1.0194e-09
1.57,-1.0194e-09
1.575,-1.0194e-09
1.58,-1.0194e-09
1.585,-0
1.59,-0
1.595,-0
1.6,0
1.605,0
1.61,1.0194e-09
1.615,1.0194e-09
1.62,1.0194e-09
1.625,1.0194e-09
1.63,2.0387e-09
1.635,2.0387e-09
1.64,2.0387e-09
1.645,2.0387e-09
1.65,3.0581e-09
1.655,3.0581e-09
1.66,3.0581e-09
1.665,3.0581e-09
1.67,4.0775e-09
1.675,4.0775e-09
1.68,4.0775e-09
1.685,4.0775e-09
1.69,5.0968e-09
1.695,5.0968e-09
1.7,5.0968e-09
1.705,5.0968e-09
1.71,6.1162e-09
1.715,6.1162e-09
1.72,6.1162e-09
1.725,6.1162e-09
1.73,7.1356e-09
1.735,7.1356e-09
1.74,7.1356e-09
1.745,7.1356e-09
1.75,8.1549e-09
1.755,8.1549e-09
1.76,8.1549e-09
1.765,8.1549e-09
1.77,9.1743e-09
1.775,9.1743e-09
1.78,9.1743e-09
1.785,9.1743e-09
1.79,1.0194e-08
1.795,1.0194e-08
1.8,1.0194e-08
1.805,1.0194e-08
1.81,1.1213e-08
1.815,1.1213e-08
1.82,1.1213e-08
1.825,1.1213e-08
1.83,1.2232e-08
1.835,1.2232e-08
1.84,1.2232e-08
1.845,1.2232e-08
1.85,1.3252e-08
1.855,1.3252e-08
1.86,1.3252e-08
1.865,1.3252e-08
1.87,1.4271e-08
1.875,1.4271e-08
1.88,1.4271e-08
1.885,1.4271e-08
1.89,1.5291e-08
1.895,1.5291e-08
1.9,1.5291e-08
1.905,1.5291e-08
1.91,1.631e-08
1.915,1.631e-08
1.92,1.631e-08
1.925,1.631e-08
1.93,1.7329e-08
1.935,1.7329e-08
1.94,1.7329e-08
1.945,1.7329e-08
1.95,1.8349e-08
1.955,1.8349e-08
1.96,1.8349e-08
1.965,1.8349e-08
1.97,1.9368e-08
1.975,1.9368e-08
1.98,1.9368e-08
1.985,1.9368e-08
1.99,2.0387e-08
1.995,2.0387e-08
2,2.0387e-08
2.005,2.0387e-08
2.01,2.1407e-08
2.015,2.1407e-08
2.02,2.1407e-08
2.025,2.1407e-08
2.03,2.2426e-08
2.035,2.2426e-08
2.04,2.2426e-08
2.045,2.2426e-08
2.05,2.3445e-08
2.055,2.3445e-08
2.06,2.3445e-08
2.065,2.3445e-08
2.07,2.4465e-08
2.075,2.4465e-08
2.08,2.4465e-08
2.085,2.4465e-08
2.09,2.5484e-08
2.095,2.5484e-08
2.1,2.5484e-08
2.105,2.5484e-08
2.11,2.6504e-08
2.115,2.6504e-08
2.12,2.6504e-08
2.125,2.6504e-08
2.13,2.7523e-08
2.135,2.7523e-08
2.14,2.7523e-08
2.145,2.7523e-08
2.15,2.8542e-08
2.155,2.8542e-08
2.16,2.8542e-08
2.165,2.8542e-08
2.17,2.9562e-08
2.175,2.9562e-08
2.18,2.9562e-08
2.185,2.9562e-08
2.19,3.0581e-08
2.195,3.0581e-08
2.2,3.0581e-08
2.205,3.0581e-08
2.21,3.0581e-08
2.215,3.16e-08
2.22,3.16e-08
2.225,3.16e-08
2.23,3.16e-08
2.235,3.262e-08
2.24,3.262e-08
2.245,3.262e-08
2.25,3.262e-08
2.255,3.3639e-08
2.26,3.3639e-08
2.265,3.3639e-08
2.27,3.3639e-08
2.275,3.4659e-08
2.28,3.4659e-08
2.285,3.4659e-08
2.29,3.4659e-08
2.295,3.4659e-08
2.3,3.5678e-08
2.305,3.5678e-08
2.31,3.5678e-08
2.315,3.5678e-08
2.32,3.6697e-08
2.325,3.6697e-08
2.33,3.6697e-08
2.335,3.6697e-08
2.34,3.6697e-08
2.345,3.7717e-08
2.35,3.7717e-08
2.355,3.7717e-08
2.36,3.7717e-08
2.365,3.8736e-08
2.37,3.8736e-08
2.375,3.8736e-08
2.38,3.8736e-08
2.385,3.8736e-08
2.39,3.9755e-08
2.395,3.9755e-08
2.4,3.9755e-08
2.405,3.9755e-08
2.41,4.0775e-08
2.415,4.0775e-08
2.42,4.0775e-08
2.425,4.0775e-08
2.43,4.0775e-08
2.435,4.1794e-08
2.44,4.1794e-08
2.445,4.1794e-08
2.45,4.1794e-08
2.455,4.1794e-08
2.46,4.2813e-08
2.465,4.2813e-08
2.47,4.2813e-08
2.475,4.2813e-08
2.48,4.2813e-08
2.485,4.3833e-08
2.49,4.3833e-08
2.495,4.3833e-08
2.5,4.3833e-08
2.505,4.3833e-08
2.51,4.3833e-08
2.515,4.4852e-08
2.52,4.4852e-08
2.525,4.4852e-08
2.53,4.4852e-08
2.535,4.4852e-08
2.54,4.5872e-08
2.545,4.5872e-08
2.55,4.5872e-08
2.555,4.5872e-08
2.56,4.5872e-08
2.565,4.5872e-08
2.57,4.6891e-08
2.575,4.6891e-08
2.58,4.6891e-08
2.585,4.6891e-08
2.59,4.6891e-08
2.595,4.6891e-08
2.6,4.791e-08
2.605,4.791e-08
2.61,4.791e-08
2.615,4.791e-08
2.62,4.791e-08
2.625,4.791e-08
2.63,4.893e-08
2.635,4.893e-08
2.64,4.893e-08
2.645,4.893e-08
2.65,4.893e-08
2.655,4.893e-08
2.66,4.893e-08
2.665,4.9949e-08
2.67,4.9949e-08
2.675,4.9949e-08
2.68,4.9949e-08
2.685,4.9949e-08
2.69,4.9949e-08
2.695,4.9949e-08
2.7,5.0968e-08
2.705,5.0968e-08
2.71,5.0968e-08
2.715,5.0968e-08
2.72,5.0968e-08
2.725,5.0968e-08
2.73,5.0968e-08
2.735,5.0968e-08
2.74,5.1988e-08
2.745,5.1988e-08
2.75,5.1988e-08
2.755,5.1988e-08
2.76,5.1988e-08
2.765,5.1988e-08
2.77,5.1988e-08
2.775,5.1988e-08
2.78,5.1988e-08
2.785,5.1988e-08
2.79,5.3007e-08
2.795,5.3007e-08
2.8,5.3007e-08
2.805,5.3007e-08
2.81,5.3007e-08
2.815,5.3007e-08
2.82,5.3007e-08
2.825,5.3007e-08
2.83,5.3007e-08
2.835,5.3007e-08
2.84,5.3007e-08
2.845,5.4027e-08
2.85,5.4027e-08
2.855,5.4027e-08
2.86,5.4027e-08
2.865,5.4027e-08
2.87,5.4027e-08
2.875,5.4027e-08
2.88,5.4027e-08
2.885,5.4027e-08
2.89,5.4027e-08
2.895,5.4027e-08
2.9,5.4027e-08
2.905,5.4027e-08
2.91,5.4027e-08
2.915,5.4027e-08
2.92,5.4027e-08
2.925,5.4027e-08
2.93,5.5046e-08
2.935,5.5046e-08
2.94,5.5046e-08
2.945,5.5046e-08
2.95,5.5046e-08
2.955,5.5046e-08
2.96,5.5046e-08
2.965,5.5046e-08
2.97,5.5046e-08
2.975,5.5046e-08
2.98,5.5046e-08
2.985,5.5046e-08
2.99,5.5046e-08
2.995,5.5046e-08
3,5.5046e-08
3.005,5.5046e-08
3.01,5.5046e-08
3.015,5.5046e-08
3.02,5.5046e-08
3.025,5.5046e-08
3.03,5.5046e-08
3.035,5.5046e-08
3.04,5.5046e-08
3.045,5.5046e-08
3.05,5.5046e-08
3.055,5.5046e-08
3.06,5.5046e-08
3.065,5.5046e-08
3.07,5.5046e-08
3.075,5.5046e-08
3.08,5.5046e-08
3.085,5.5046e-08
3.09,5.5046e-08
3.095,5.5046e-08
3.1,5.5046e-08
3.105,5.5046e-08
3.11,5.5046e-08
3.115,5.5046e-08
3.12,5.5046e-08
3.125,5.5046e-08
3.13,5.5046e-08
3.135,5.5046e-08
3.14,5.4027e-08
3.145,5.4027e-08
3.15,5.4027e-08
3.155,5.4027e-08
3.16,5.4027e-08
3.165,5.4027e-08
3.17,5.4027e-08
3.175,5.4027e-08
3.18,5.4027e-08
3.185,5.4027e-08
3.19,5.4027e-08
3.195,5.4027e-08
3.2,5.4027e-08
3.205,5.4027e-08
3.21,5.4027e-08
3.215,5.4027e-08
3.22,5.3007e-08
3.225,5.3007e-08
3.23,5.3007e-08
3.235,5.3007e-08
3.24,5.3007e-08
3.245,2.9562e-08
3.25,5.0968e-09
3.255,5.0968e-09
3.26,5.0968e-09
3.265,5.0968e-09
3.27,5.0968e-09
3.275,5.0968e-09
3.28,5.0968e-09
3.285,5.0968e-09
3.29,5.0968e-09
3.295,5.0968e-09
3.3,5.0968e-09
3.305,5.0968e-09
3.31,5.0968e-09
3.315,5.0968e-09
3.32,5.0968e-09
3.325,5.0968e-09
3.33,5.0968e-09
3.335,5.0968e-09
3.34,5.0968e-09
3.345,5.0968e-09
3.35,5.0968e-09
3.355,5.0968e-09
3.36,5.0968e-09
3.365,5.0968e-09
3.37,5.0968e-09
3.375,5.0968e-09
3.38,5.0968e-09
3.385,5.0968e-09
3.39,5.0968e-09
3.395,5.0968e-09
3.4,4.0775e-09
3.405,4.0775e-09
3.41,4.0775e-09
3.415,4.0775e-09
3.42,4.0775e-09
3.425,4.0775e-09
3.43,4.0775e-09
3.435,4.0775e-09
3.44,4.0775e-09
3.445,4.0775e-09
3.45,4.0775e-09
3.455,4.0775e-09
3.46,4.0775e-09
3.465,4.0775e-09
3.47,4.0775e-09
3.475,4.0775e-09
3.48,4.0775e-09
3.485,4.0775e-09
3.49,4.0775e-09
3.495,4.0775e-09
3.5,4.0775e-09
3.505,4.0775e-09
3.51,4.0775e-09
3.515,4.0775e-09
3.52,4.0775e-09
3.525,4.0775e-09
3.53,4.0775e-09
3.535,4.0775e-09
3.54,4.0775e-09
3.545,4.0775e-09
3.55,4.0775e-09
3.555,4.0775e-09
3.56,4.0775e-09
3.565,4.0775e-09
3.57,4.0775e-09
3.575,4.0775e-09
3.58,4.0775e-09
3.585,4.0775e-09
3.59,4.0775e-09
3.595,4.0775e-09
3.6,4.0775e-09
3.605,4.0775e-09
3.61,4.0775e-09
3.615,4.0775e-09
3.62,4.0775e-09
3.625,4.0775e-09
3.63,4.0775e-09
3.635,4.0775e-09
3.64,4.0775e-09
3.645,4.0775e-09
3.65,4.0775e-09
3.655,4.0775e-09
3.66,3.0581e-09
3.665,3.0581e-09
3.67,3.0581e-09
3.675,3.0581e-09
3.68,3.0581e-09
3.685,3.0581e-09
3.69,3.0581e-09
3.695,3.0581e-09
3.7,3.0581e-09
3.705,3.0581e-09
3.71,3.0581e-09
3.715,3.0581e-09
3.72,3.0581e-09
3.725,3.0581e-09
3.73,3.0581e-09
3.735,3.0581e-09
3.74,3.0581e-09
3.745,3.0581e-09
3.75,3.0581e-09
3.755,3.0581e-09
3.76,3.0581e-09
3.765,3.0581e-09
3.77,3.0581e-09
3.775,3.0581e-09
3.78,3.0581e-09
3.785,3.0581e-09
3.79,3.0581e-09
3.795,3.0581e-09
3.8,3.0581e-09
3.805,3.0581e-09
3.81,3.0581e-09
3.815,3.0581e-09
3.82,3.0581e-09
3.825,3.0581e-09
3.83,3.0581e-09
3.835,3.0581e-09
3.84,3.0581e-09
3.845,3.0581e-09
3.85,3.0581e-09
3.855,3.0581e-09
3.86,3.0581e-09
3.865,3.0581e-09
3.87,3.0581e-09
3.875,3.0581e-09
3.88,3.0581e-09
3.885,3.0581e-09
3.89,3.0581e-09
3.895,3.0581e-09
3.9,3.0581e-09
3.905,3.0581e-09
3.91,3.0581e-09
3.915,3.0581e-09
3.92,3.0581e-09
3.925,3.0581e-09
3.93,3.0581e-09
3.935,3.0581e-09
3.94,3.0581e-09
3.945,3.0581e-09
3.95,3.0581e-09
3.955,2.0387e-09
3.96,2.0387e-09
3.965,2.0387e-09
3.97,2.0387e-09
3.975,2.0387e-09
3.98,2.0387e-09
3.985,2.0387e-09
3.99,2.0387e-09
3.995,2.0387e-09
4,2.0387e-09
4.005,2.0387e-09
4.01,2.0387e-09
4.015,2.0387e-09
4.02,2.0387e-09
4.025,2.0387e-09
4.03,2.0387e-09
4.035,2.0387e-09
4.04,2.0387e-09
4.045,2.0387e-09
4.05,2.0387e-09
4.055,2.0387e-09
4.06,2.0387e-09
4.065,2.0387e-09
4.07,2.0387e-09
4.075,2.0387e-09
4.08,2.0387e-09
4.085,2.0387e-09
4.09,2.0387e-09
4.095,2.0387e-09
4.1,2.0387e-09
4.105,2.0387e-09
4.11,2.0387e-09
4.115,2.0387e-09
4.12,2.0387e-09
4.125,2.0387e-09
4.13,2.0387e-09
4.135,2.0387e-09
4.14,2.0387e-09
4.145,2.0387e-09
4.15,2.0387e-09
4.155,2.0387e-09
4.16,2.0387e-09
4.165,2.0387e-09
4.17,2.0387e-09
4.175,2.0387e-09
4.18,2.0387e-09
4.185,2.0387e-09
4.19,2.0387e-09
4.195,2.0387e-09
4.2,2.0387e-09
4.205,2.0387e-09
4.21,2.0387e-09
4.215,2.0387e-09
4.22,2.0387e-09
4.225,2.0387e-09
4.23,2.0387e-09
4.235,2.0387e-09
4.24,2.0387e-09
4.245,2.0387e-09
4.25,2.0387e-09
4.255,2.0387e-09
4.26,2.0387e-09
4.265,2.0387e-09
4.27,2.0387e-09
4.275,2.0387e-09
4.28,2.0387e-09
4.285,2.0387e-09
4.29,2.0387e-09
4.295,2.0387e-09
4.3,2.0387e-09
4.305,1.0194e-09
4.31,1.0194e-09
4.315,1.0194e-09
4.32,1.0194e-09
4.325,1.0194e-09
4.33,1.0194e-09
4.335,1.0194e-09
4.34,1.0194e-09
4.345,1.0194e-09
4.35,1.0194e-09
4.355,1.0194e-09
4.36,1.0194e-09
4.365,1.0194e-09
4.37,1.0194e-09
4.375,1.0194e-09
4.38,1.0194e-09
4.385,1.0194e-09
4.39,1.0194e-09
4.395,1.0194e-09
4.4,1.0194e-09
4.405,1.0194e-09
4.41,1.0194e-09
4.415,1.0194e-09
4.42,1.0194e-09
4.425,1.0194e-09
4.43,1.0194e-09
4.435,1.0194e-09
4.44,1.0194e-09
4.445,1.0194e-09
4.45,1.0194e-09
4.455,1.0194e-09
4.46,1.0194e-09
4.465,1.0194e-09
4.47,1.0194e-09
4.475,1.0194e-09
4.48,1.0194e-09
4.485,1.0194e-09
4.49,1.0194e-09
4.495,1.0194e-09
4.5,1.0194e-09
4.505,1.0194e-09
4.51,1.0194e-09
4.515,1.0194e-09
4.52,1.0194e-09
4.525,1.0194e-09
4.53,1.0194e-09
4.535,1.0194e-09
4.54,1.0194e-09
4.545,1.0194e-09
4.55,1.0194e-09
4.555,1.0194e-09
4.56,1.0194e-09
4.565,1.0194e-09
4.57,1.0194e-09
4.575,1.0194e-09
4.58,1.0194e-09
4.585,1.0194e-09
4.59,1.0194e-09
4.595,1.0194e-09
4.6,1.0194e-09
4.605,1.0194e-09
4.61,1.0194e-09
4.615,1.0194e-09
4.62,1.0194e-09
4.625,1.0194e-09
4.63,1.0194e-09
4.635,1.0194e-09
4.64,1.0194e-09
4.645,1.0194e-09
4.65,1.0194e-09
4.655,1.0194e-09
4.66,1.0194e-09
4.665,1.0194e-09
4.67,1.0194e-09
4.675,1.0194e-09
4.68,1.0194e-09
4.685,1.0194e-09
4.69,1.0194e-09
4.695,1.0194e-09
4.7,1.0194e-09
4.705,1.0194e-09
4.71,1.0194e-09
4.715,1.0194e-09
4.72,1.0194e-09
4.725,1.0194e-09
4.73,1.0194e-09
4.735,1.0194e-09
4.74,1.0194e-09
4.745,0
4.75,0
4.755,0
4.76,0
4.765,0
4.77,0
4.775,0
4.78,0
4.785,0
4.79,0
4.795,0
4.8,0
4.805,0
4.81,0
4.815,0
4.82,0
4.825,0
4.83,0
4.835,0
4.84,0
4.845,0
4.85,0
4.855,0
4.86,0
4.865,0
4.87,0
4.875,0
4.88,0
4.885,0
4.89,0
4.895,0
4.9,0
4.905,0
4.91,0
4.915,0
4.92,0
4.925,0
4.93,0
4.935,0
4.94,0
4.945,0
4.95,0
4.955,0
4.96,0
4.965,0
4.97,0
4.975,0
4.98,0
4.985,0
4.99,0
4.995,0
5,0
5.005,0
5.01,0
5.015,0
5.02,0
5.025,0
5.03,-0
5.035,-0
5.04,-0
5.045,-0
5.05,-0
5.055,-0
5.06,-0
5.065,-0
5.07,-0
5.075,-0
5.08,-0
5.085,-0
5.09,-0
5.095,-0
5.1,-0
5.105,-0
5.11,-0
5.115,-0
5.12,-0
5.125,-0
5.13,-0
5.135,-0
5.14,-0
5.145,-0
5.15,-0
5.155,-0
5.16,-0
5.165,-0
5.17,-0
5.175,-0
5.18,-0
5.185,-0
5.19,-0
5.195,-0
5.2,-0
5.205,-0
5.21,-0
5.215,-0
5.22,-0
5.225,-0
5.23,-0
5.235,-0
5.24,-0
5.245,-0
5.25,-0
5.255,-0
5.26,-0
5.265,-0
5.27,-0
5.275,-0
5.28,-0
5.285,-0
5.29,-0
5.295,-0
5.3,-0
5.305,-0
5.31,-0
5.315,-0
5.32,-0
5.325,-0
5.33,-0
5.335,-0
5.34,-0
5.345,-0
5.35,-0
5.355,-0
5.36,-0
5.365,-0
5.37,-0
5.375,-0
5.38,-0
5.385,-0
5.39,-0
5.395,-1.0194e-09
5.4,-1.0194e-09
5.405,-1.0194e-09
5.41,-1.0194e-09
5.415,-1.0194e-09
5.42,-1.0194e-09
5.425,-1.0194e-09
5.43,-1.0194e-09
5.435,-1.0194e-09
5.44,-1.0194e-09
5.445,-1.0194e-09
5.45,-1.0194e-09
5.455,-1.0194e-09
5.46,-1.0194e-09
5.465,-1.0194e-09
5.47,-1.0194e-09
5.475,-1.0194e-09
5.48,-1.0194e-09
5.485,-1.0194e-09
5.49,-1.0194e-09
5.495,-1.0194e-09
5.5,-1.0194e-09
5.505,-1.0194e-09
5.51,-1.0194e-09
5.515,-1.0194e-09
5.52,-1.0194e-09
5.525,-1.0194e-09
5.53,-1.0194e-09
5.535,-1.0194e-09
5.54,-1.0194e-09
5.545,-1.0194e-09
5.55,-1.0194e-09
5.555,-1.0194e-09
5.56,-1.0194e-09
5.565,-1.0194e-09
5.57,-1.0194e-09
5.575,-1.0194e-09
5.58,-1.0194e-09
5.585,-1.0194e-09
5.59,-1.0194e-09
5.595,-1.0194e-09
5.6,-1.0194e-09
5.605,-1.0194e-09
5.61,-1.0194e-09
5.615,-1.0194e-09
5.62,-1.0194e-09
5.625,-1.0194e-09
5.63,-1.0194e-09
5.635,-1.0194e-09
5.64,-1.0194e-09
5.645,-1.0194e-09
5.65,-1.0194e-09
5.655,-1.0194e-09
5.66,-1.0194e-09
5.665,-1.0194e-09
5.67,-1.0194e-09
5.675,-1.0194e-09
5.68,-1.0194e-09
5.685,-1.0194e-09
5.69,-1.0194e-09
5.695,-1.0194e-09
5.7,-1.0194e-09
5.705,-1.0194e-09
5.71,-1.0194e-09
5.715,-1.0194e-09
5.72,-1.0194e-09
5.725,-1.0194e-09
5.73,-1.0194e-09
5.735,-1.0194e-09
5.74,-1.0194e-09
5.745,-1.0194e-09
5.75,-1.0194e-09
5.755,-1.0194e-09
5.76,-1.0194e-09
5.765,-1.0194e-09
5.77,-1.0194e-09
5.775,-1.0194e-09
5.78,-1.0194e-09
5.785,-1.0194e-09
5.79,-1.0194e-09
5.795,-1.0194e-09
5.8,-1.0194e-09
5.805,-1.0194e-09
5.81,-1.0194e-09
5.815,-1.0194e-09
5.82,-1.0194e-09
5.825,-1.0194e-09
5.83,-1.0194e-09
5.835,-1.0194e-09
5.84,-1.0194e-09
5.845,-1.0194e-09
5.85,-1.0194e-09
5.855,-1.0194e-09
5.86,-1.0194e-09
5.865,-1.0194e-09
5.87,-1.0194e-09
5.875,-1.0194e-09
5.88,-1.0194e-09
5.885,-1.0194e-09
5.89,-1.0194e-09
5.895,-1.0194e-09
5.9,-1.0194e-09
5.905,-1.0194e-09
5.91,-1.0194e-09
5.915,-1.0194e-09
5.92,-1.0194e-09
5.925,-1.0194e-09
5.93,-1.0194e-09
5.935,-1.0194e-09
5.94,-1.0194e-09
5.945,-1.0194e-09
5.95,-1.0194e-09
5.955,-1.0194e-09
5.96,-1.0194e-09
5.965,-1.0194e-09
5.97,-1.0194e-09
5.975,-1.0194e-09
5.98,-1.0194e-09
5.985,-1.0194e-09
5.99,-1.0194e-09
5.995,-1.0194e-09
6,-1.0194e-09
6.005,-1.0194e-09
6.01,-1.0194e-09
6.015,-1.0194e-09
6.02,-1.0194e-09
6.025,-1.0194e-09
6.03,-1.0194e-09
6.035,-1.0194e-09
6.04,-1.0194e-09
6.045,-1.0194e-09
6.05,-1.0194e-09
6.055,-1.0194e-09
6.06,-1.0194e-09
6.065,-1.0194e-09
6.07,-1.0194e-09
6.075,-1.0194e-09
6.08,-1.0194e-09
6.085,-1.0194e-09
6.09,-1.0194e-09
6.095,-1.0194e-09
6.1,-1.0194e-09
6.105,-1.0194e-09
6.11,-1.0194e-09
6.115,-1.0194e-09
6.12,-1.0194e-09
6.125,-1.0194e-09
6.13,-1.0194e-09
6.135,-1.0194e-09
6.14,-1.0194e-09
6.145,-1.0194e-09
6.15,-1.0194e-09
6.155,-1.0194e-09
6.16,-1.0194e-09
6.165,-1.0194e-09
6.17,-1.0194e-09
6.175,-1.0194e-09
6.18,-1.0194e-09
6.185,-1.0194e-09
6.19,-1.0194e-09
6.195,-1.0194e-09
6.2,-1.0194e-09
6.205,-1.0194e-09
6.21,-1.0194e-09
6.215,-1.0194e-09
6.22,-1.0194e-09
6.225,-1.0194e-09
6.23,-1.0194e-09
6.235,-1.0194e-09
6.24,-1.0194e-09
6.245,-1.0194e-09
6.25,-1.0194e-09
6.255,-1.0194e-09
6.26,-1.0194e-09
6.265,-1.0194e-09
6.27,-1.0194e-09
6.275,-1.0194e-09
6.28,-1.0194e-09
6.285,-1.0194e-09
6.29,-1.0194e-09
6.295,-1.0194e-09
6.3,-1.0194e-09
6.305,-1.0194e-09
6.31,-1.0194e-09
6.315,-1.0194e-09
6.32,-1.0194e-09
6.325,-1.0194e-09
6.33,-1.0194e-09
6.335,-1.0194e-09
6.34,-1.0194e-09
6.345,-1.0194e-09
6.35,-1.0194e-09
6.355,-1.0194e-09
6.36,-1.0194e-09
6.365,-1.0194e-09
6.37,-1.0194e-09
6.375,-1.0194e-09
6.38,-1.0194e-09
6.385,-1.0194e-09
6.39,-1.0194e-09
6.395,-1.0194e-09
6.4,-1.0194e-09
6.405,-1.0194e-09
6.41,-1.0194e-09
6.415,-1.0194e-09
6.42,-1.0194e-09
6.425,-1.0194e-09
6.43,-1.0194e-09
6.435,-1.0194e-09
6.44,-1.0194e-09
6.445,-1.0194e-09
6.45,-1.0194e-09
6.455,-1.0194e-09
6.46,-1.0194e-09
6.465,-1.0194e-09
6.47,-1.0194e-09
6.475,-1.0194e-09
6.48,-1.0194e-09
6.485,-1.0194e-09
6.49,-1.0194e-09
6.495,-1.0194e-09
6.5,-1.0194e-09
6.505,-1.0194e-09
6.51,-1.0194e-09
6.515,-1.0194e-09
6.52,-1.0194e-09
6.525,-1.0194e-09
6.53,-1.0194e-09
6.535,-1.0194e-09
6.54,-1.0194e-09
6.545,-1.0194e-09
6.55,-1.0194e-09
6.555,-1.0194e-09
6.56,-1.0194e-09
6.565,-1.0194e-09
6.57,-1.0194e-09
6.575,-1.0194e-09
6.58,-1.0194e-09
6.585,-1.0194e-09
6.59,-1.0194e-09
6.595,-1.0194e-09
6.6,-1.0194e-09
6.605,-1.0194e-09
6.61,-1.0194e-09
6.615,-1.0194e-09
6.62,-1.0194e-09
6.625,-1.0194e-09
6.63,-1.0194e-09
6.635,-1.0194e-09
6.64,-1.0194e-09
6.645,-1.0194e-09
6.65,-1.0194e-09
6.655,-1.0194e-09
6.66,-1.0194e-09
6.665,-1.0194e-09
6.67,-1.0194e-09
6.675,-1.0194e-09
6.68,-1.0194e-09
6.685,-1.0194e-09
6.69,-1.0194e-09
6.695,-1.0194e-09
6.7,-1.0194e-09
6.705,-1.0194e-09
6.71,-1.0194e-09
6.715,-1.0194e-09
6.72,-1.0194e-09
6.725,-1.0194e-09
6.73,-1.0194e-09
6.735,-1.0194e-09
6.74,-1.0194e-09
6.745,-1.0194e-09
6.75,-1.0194e-09
6.755,-1.0194e-09
6.76,-1.0194e-09
6.765,-1.0194e-09
6.77,-1.0194e-09
6.775,-1.0194e-09
6.78,-1.0194e-09
6.785,-1.0194e-09
6.79,-1.0194e-09
6.795,-1.0194e-09
6.8,-1.0194e-09
6.805,-1.0194e-09
6.81,-1.0194e-09
6.815,-1.0194e-09
6.82,-1.0194e-09
6.825,-1.0194e-09
6.83,-1.0194e-09
6.835,-1.0194e-09
6.84,-1.0194e-09
6.845,-1.0194e-09
6.85,-1.0194e-09
6.855,-1.0194e-09
6.86,-1.0194e-09
6.865,-1.0194e-09
6.87,-1.0194e-09
6.875,-1.0194e-09
6.88,-1.0194e-09
6.885,-1.0194e-09
6.89,-1.0194e-09
6.895,-1.0194e-09
6.9,-1.0194e-09
6.905,-1.0194e-09
6.91,-1.0194e-09
6.915,-1.0194e-09
6.92,-1.0194e-09
6.925,-1.0194e-09
6.93,-1.0194e-09
6.935,-1.0194e-09
6.94,-1.0194e-09
6.945,-1.0194e-09
6.95,-1.0194e-09
6.955,-1.0194e-09
6.96,-1.0194e-09
6.965,-1.0194e-09
6.97,-1.0194e-09
6.975,-1.0194e-09
6.98,-1.0194e-09
6.985,-1.0194e-09
6.99,-1.0194e-09
6.995,-1.0194e-09
7,-1.0194e-09
7.005,-1.0194e-09
7.01,-1.0194e-09
7.015,-1.0194e-09
7.02,-1.0194e-09
7.025,-1.0194e-09
7.03,-1.0194e-09
7.035,-1.0194e-09
7.04,-1.0194e-09
7.045,-1.0194e-09
7.05,-1.0194e-09
7.055,-1.0194e-09
7.06,-1.0194e-09
7.065,-1.0194e-09
7.07,-1.0194e-09
7.075,-1.0194e-09
7.08,-1.0194e-09
7.085,-1.0194e-09
7.09,-1.0194e-09
7.095,-1.0194e-09
7.1,-1.0194e-09
7.105,-1.0194e-09
7.11,-1.0194e-09
7.115,-1.0194e-09
7.12,-1.0194e-09
7.125,-1.0194e-09
7.13,-1.0194e-09
7.135,-1.0194e-09
7.14,-1.0194e-09
7.145,-1.0194e-09
7.15,-1.0194e-09
7.155,-1.0194e-09
7.16,-1.0194e-09
7.165,-1.0194e-09
7.17,-1.0194e-09
7.175,-1.0194e-09
7.18,-1.0194e-09
7.185,-1.0194e-09
7.19,-1.0194e-09
7.195,-1.0194e-09
7.2,-1.0194e-09
7.205,-1.0194e-09
7.21,-1.0194e-09
7.215,-1.0194e-09
7.22,-1.0194e-09
7.225,-1.0194e-09
7.23,-1.0194e-09
7.235,-1.0194e-09
7.24,-1.0194e-09
7.245,-1.0194e-09
7.25,-1.0194e-09
7.255,-1.0194e-09
7.26,-1.0194e-09
7.265,-1.0194e-09
7.27,-1.0194e-09
7.275,-1.0194e-09
7.28,-1.0194e-09
7.285,-1.0194e-09
7.29,-1.0194e-09
7.295,-1.0194e-09
7.3,-1.0194e-09
7.305,-1.0194e-09
7.31,-1.0194e-09
7.315,-1.0194e-09
7.32,-1.0194e-09
7.325,-1.0194e-09
7.33,-1.0194e-09
7.335,-1.0194e-09
7.34,-1.0194e-09
7.345,-1.0194e-09
7.35,-1.0194e-09
7.355,-1.0194e-09
7.36,-1.0194e-09
7.365,-1.0194e-09
7.37,-1.0194e-09
7.375,-1.0194e-09
7.38,-1.0194e-09
7.385,-1.0194e-09
7.39,-1.0194e-09
7.395,-1.0194e-09
7.4,-1.0194e-09
7.405,-1.0194e-09
7.41,-1.0194e-09
7.415,-1.0194e-09
7.42,-1.0194e-09
7.425,-1.0194e-09
7.43,-1.0194e-09
7.435,-1.0194e-09
7.44,-1.0194e-09
7.445,-1.0194e-09
7.45,-1.0194e-09
7.455,-1.0194e-09
7.46,-1.0194e-09
7.465,-1.0194e-09
7.47,-1.0194e-09
7.475,-1.0194e-09
7.48,-1.0194e-09
7.485,-1.0194e-09
7.49,-1.0194e-09
7.495,-1.0194e-09
7.5,-1.0194e-09
7.505,-1.0194e-09
7.51,-1.0194e-09
7.515,-1.0194e-09
7.52,-1.0194e-09
7.525,-1.0194e-09
7.53,-1.0194e-09
7.535,-1.0194e-09
7.54,-1.0194e-09
7.545,-1.0194e-09
7.55,-1.0194e-09
7.555,-1.0194e-09
7.56,-1.0194e-09
7.565,-1.0194e-09
7.57,-1.0194e-09
7.575,-1.0194e-09
7.58,-1.0194e-09
7.585,-1.0194e-09
7.59,-1.0194e-09
7.595,-1.0194e-09
7.6,-1.0194e-09
7.605,-1.0194e-09
7.61,-1.0194e-09
7.615,-1.0194e-09
7.62,-1.0194e-09
7.625,-1.0194e-09
7.63,-1.0194e-09
7.635,-1.0194e-09
7.64,-1.0194e-09
7.645,-1.0194e-09
7.65,-1.0194e-09
7.655,-1.0194e-09
7.66,-1.0194e-09
7.665,-1.0194e-09
7.67,-1.0194e-09
7.675,-1.0194e-09
7.68,-1.0194e-09
7.685,-1.0194e-09
7.69,-1.0194e-09
7.695,-1.0194e-09
7.7,-1.0194e-09
7.705,-1.0194e-09
7.71,-1.0194e-09
7.715,-1.0194e-09
7.72,-1.0194e-09
7.725,-1.0194e-09
7.73,-1.0194e-09
7.735,-1.0194e-09
7.74,-1.0194e-09
7.745,-1.0194e-09
7.75,-1.0194e-09
7.755,-1.0194e-09
7.76,-1.0194e-09
7.765,-1.0194e-09
7.77,-1.0194e-09
7.775,-1.0194e-09
7.78,-1.0194e-09
7.785,-1.0194e-09
7.79,-1.0194e-09
7.795,-1.0194e-09
7.8,-1.0194e-09
7.805,-1.0194e-09
7.81,-1.0194e-09
7.815,-1.0194e-09
7.82,-1.0194e-09
7.825,-1.0194e-09
7.83,-1.0194e-09
7.835,-1.0194e-09
7.84,-1.0194e-09
7.845,-1.0194e-09
7.85,-1.0194e-09
7.855,-1.0194e-09
7.86,-1.0194e-09
7.865,-1.0194e-09
7.87,-1.0194e-09
7.875,-1.0194e-09
7.88,-1.0194e-09
7.885,-1.0194e-09
7.89,-1.0194e-09
7.895,-1.0194e-09
7.9,-1.0194e-09
7.905,-1.0194e-09
7.91,-1.0194e-09
7.915,-1.0194e-09
7.92,-1.0194e-09
7.925,-1.0194e-09
7.93,-1.0194e-09
7.935,-1.0194e-09
7.94,-1.0194e-09
7.945,-1.0194e-09
7.95,-1.0194e-09
7.955,-1.0194e-09
7.96,-1.0194e-09
7.965,-1.0194e-09
7.97,-1.0194e-09
7.975,-1.0194e-09
7.98,-1.0194e-09
7.985,-1.0194e-09
7.99,-1.0194e-09
7.995,-1.0194e-09
8,-1.0194e-09
8.005,-1.0194e-09
8.01,-1.0194e-09
8.015,-1.0194e-09
8.02,-1.0194e-09
8.025,-1.0194e-09
8.03,-1.0194e-09
8.035,-1.0194e-09
8.04,-1.0194e-09
8.045,-1.0194e-09
8.05,-1.0194e-09
8.055,-1.0194e-09
8.06,-1.0194e-09
8.065,-1.0194e-09
8.07,-1.0194e-09
8.075,-1.0194e-09
8.08,-1.0194e-09
8.085,-1.0194e-09
8.09,-1.0194e-09
8.095,-1.0194e-09
8.1,-1.0194e-09
8.105,-1.0194e-09
8.11,-1.0194e-09
8.115,-1.0194e-09
8.12,-1.0194e-09
8.125,-1.0194e-09
8.13,-1.0194e-09
8.135,-1.0194e-09
8.14,-1.0194e-09
8.145,-1.0194e-09
8.15,-1.0194e-09
8.155,-1.0194e-09
8.16,-1.0194e-09
8.165,-1.0194e-09
8.17,-1.0194e-09
8.175,-1.0194e-09
8.18,-1.0194e-09
8.185,-1.0194e-09
8.19,-1.0194e-09
8.195,-1.0194e-09
8.2,-1.0194e-09
8.205,-1.0194e-09
8.21,-1.0194e-09
8.215,-1.0194e-09
8.22,-1.0194e-09
8.225,-1.0194e-09
8.23,-1.0194e-09
8.235,-1.0194e-09
8.24,-1.0194e-09
8.245,-1.0194e-09
8.25,-1.0194e-09
8.255,-1.0194e-09
8.26,-1.0194e-09
8.265,-1.0194e-09
8.27,-1.0194e-09
8.275,-1.0194e-09
8.28,-1.0194e-09
8.285,-1.0194e-09
8.29,-1.0194e-09
8.295,-1.0194e-09
8.3,-1.0194e-09
8.305,-1.0194e-09
8.31,-1.0194e-09
8.315,-1.0194e-09
8.32,-1.0194e-09
8.325,-1.0194e-09
8.33,-1.0194e-09
8.335,-1.0194e-09
8.34,-1.0194e-09
8.345,-1.0194e-09
8.35,-1.0194e-09
8.355,-1.0194e-09
8.36,-1.0194e-09
8.365,-1.0194e-09
8.37,-1.0194e-09
8.375,-1.0194e-09
8.38,-1.0194e-09
8.385,-1.0194e-09
8.39,-1.0194e-09
8.395,-1.0194e-09
8.4,-1.0194e-09
8.405,-1.0194e-09
8.41,-1.0194e-09
8.415,-1.0194e-09
8.42,-1.0194e-09
8.425,-1.0194e-09
8.43,-1.0194e-09
8.435,-1.0194e-09
8.44,-1.0194e-09
8.445,-1.0194e-09
8.45,-1.0194e-09
8.455,-1.0194e-09
8.46,-1.0194e-09
8.465,-1.0194e-09
8.47,-1.0194e-09
8.475,-1.0194e-09
8.48,-1.0194e-09
8.485,-1.0194e-09
8.49,-1.0194e-09
8.495,-1.0194e-09
8.5,-1.0194e-09
8.505,-1.0194e-09
8.51,-1.0194e-09
8.515,-1.0194e-09
8.52,-1.0194e-09
8.525,-1.0194e-09
8.53,-1.0194e-09
8.535,-1.0194e-09
8.54,-1.0194e-09
8.545,-1.0194e-09
8.55,-1.0194e-09
8.555,-1.0194e-09
8.56,-1.0194e-09
8.565,-1.0194e-09
8.57,-1.0194e-09
8.575,-1.0194e-09
8.58,-1.0194e-09
8.585,-1.0194e-09
8.59,-1.0194e-09
8.595,-1.0194e-09
8.6,-1.0194e-09
8.605,-1.0194e-09
8.61,-1.0194e-09
8.615,-1.0194e-09
8.62,-1.0194e-09
8.625,-1.0194e-09
8.63,-1.0194e-09
8.635,-1.0194e-09
8.64,-1.0194e-09
8.645,-1.0194e-09
8.65,-1.0194e-09
8.655,-1.0194e-09
8.66,-1.0194e-09
8.665,-1.0194e-09
8.67,-1.0194e-09
8.675,-1.0194e-09
8.68,-1.0194e-09
8.685,-1.0194e-09
8.69,-1.0194e-09
8.695,-1.0194e-09
8.7,-1.0194e-09
8.705,-1.0194e-09
8.71,-1.0194e-09
8.715,-1.0194e-09
8.72,-1.0194e-09
8.725,-1.0194e-09
8.73,-1.0194e-09
8.735,-1.0194e-09
8.74,-1.0194e-09
8.745,-1.0194e-09
8.75,-1.0194e-09
8.755,-1.0194e-09
8.76,-1.0194e-09
8.765,-1.0194e-09
8.77,-1.0194e-09
8.775,-1.0194e-09
8.78,-1.0194e-09
8.785,-1.0194e-09
8.79,-1.0194e-09
8.795,-1.0194e-09
8.8,-1.0194e-09
8.805,-1.0194e-09
8.81,-1.0194e-09
8.815,-1.0194e-09
8.82,-1.0194e-09
8.825,-1.0194e-09
8.83,-1.0194e-09
8.835,-1.0194e-09
8.84,-1.0194e-09
8.845,-1.0194e-09
8.85,-1.0194e-09
8.855,-1.0194e-09
8.86,-1.0194e-09
8.865,-1.0194e-09
8.87,-1.0194e-09
8.875,-1.0194e-09
8.88,-1.0194e-09
8.885,-1.0194e-09
8.89,-1.0194e-09
8.895,-1.0194e-09
8.9,-1.0194e-09
8.905,-1.0194e-09
8.91,-1.0194e-09
8.915,-1.0194e-09
8.92,-1.0194e-09
8.925,-1.0194e-09
8.93,-1.0194e-09
8.935,-1.0194e-09
8.94,-1.0194e-09
8.945,-1.0194e-09
8.95,-1.0194e-09
8.955,-1.0194e-09
8.96,-1.0194e-09
8.965,-1.0194e-09
8.97,-1.0194e-09
8.975,-1.0194e-09
8.98,-1.0194e-09
8.985,-1.0194e-09
8.99,-1.0194e-09
8.995,-1.0194e-09
9,-1.0194e-09
9.005,-1.0194e-09
9.01,-1.0194e-09
9.015,-1.0194e-09
9.02,-1.0194e-09
9.025,-1.0194e-09
9.03,-1.0194e-09
9.035,-1.0194e-09
9.04,-1.0194e-09
9.045,-1.0194e-09
9.05,-1.0194e-09
9.055,-1.0194e-09
9.06,-1.0194e-09
9.065,-1.0194e-09
9.07,-1.0194e-09
9.075,-1.0194e-09
9.08,-1.0194e-09
9.085,-1.0194e-09
9.09,-1.0194e-09
9.095,-1.0194e-09
9.1,-1.0194e-09
9.105,-1.0194e-09
9.11,-1.0194e-09
9.115,-1.0194e-09
9.12,-1.0194e-09
9.125,-1.0194e-09
9.13,-1.0194e-09
9.135,-1.0194e-09
9.14,-1.0194e-09
9.145,-1.0194e-09
9.15,-1.0194e-09
9.155,-1.0194e-09
9.16,-1.0194e-09
9.165,-1.0194e-09
9.17,-1.0194e-09
9.175,-1.0194e-09
9.18,-1.0194e-09
9.185,-1.0194e-09
9.19,-1.0194e-09
9.195,-1.0194e-09
9.2,-1.0194e-09
9.205,-1.0194e-09
9.21,-1.0194e-09
9.215,-1.0194e-09
9.22,-1.0194e-09
9.225,-1.0194e-09
9.23,-1.0194e-09
9.235,-1.0194e-09
9.24,-1.0194e-09
9.245,-1.0194e-09
9.25,-1.0194e-09
9.255,-1.0194e-09
9.26,-1.0194e-09
9.265,-1.0194e-09
9.27,-1.0194e-09
9.275,-1.0194e-09
9.28,-1.0194e-09
9.285,-1.0194e-09
9.29,-1.0194e-09
9.295,-1.0194e-09
9.3,-1.0194e-09
9.305,-1.0194e-09
9.31,-1.0194e-09
9.315,-1.0194e-09
9.32,-1.0194e-09
9.325,-1.0194e-09
9.33,-1.0194e-09
9.335,-1.0194e-09
9.34,-1.0194e-09
9.345,-1.0194e-09
9.35,-1.0194e-09
9.355,-1.0194e-09
9.36,-1.0194e-09
9.365,-1.0194e-09
9.37,-1.0194e-09
9.375,-1.0194e-09
9.38,-1.0194e-09
9.385,-1.0194e-09
9.39,-1.0194e-09
9.395,-1.0194e-09
9.4,-1.0194e-09
9.405,-1.0194e-09
9.41,-1.0194e-09
9.415,-1.0194e-09
9.42,-1.0194e-09
9.425,-1.0194e-09
9.43,-1.0194e-09
9.435,-1.0194e-09
9.44,-1.0194e-09
9.445,-1.0194e-09
9.45,-1.0194e-09
9.455,-1.0194e-09
9.46,-1.0194e-09
9.465,-1.0194e-09
9.47,-1.0194e-09
9.475,-1.0194e-09
9.48,-1.0194e-09
9.485,-1.0194e-09
9.49,-1.0194e-09
9.495,-1.0194e-09
9.5,-1.0194e-09
9.505,-1.0194e-09
9.51,-1.0194e-09
9.515,-1.0194e-09
9.52,-1.0194e-09
9.525,-1.0194e-09
9.53,-1.0194e-09
9.535,-1.0194e-09
9.54,-1.0194e-09
9.545,-1.0194e-09
9.55,-1.0194e-09
9.555,-1.0194e-09
9.56,-1.0194e-09
9.565,-1.0194e-09
9.57,-1.0194e-09
9.575,-1.0194e-09
9.58,-1.0194e-09
9.585,-1.0194e-09
9.59,-1.0194e-09
9.595,-1.0194e-09
9.6,-1.0194e-09
9.605,-1.0194e-09
9.61,-1.0194e-09
9.615,-1.0194e-09
9.62,-1.0194e-09
9.625,-1.0194e-09
9.63,-0
9.635,-0
9.64,-0
9.645,-0
9.65,-0
9.655,-0
9.66,-0
9.665,-0
9.67,-0
9.675,-0
9.68,-0
9.685,-0
9.69,-0
9.695,-0
9.7,-0
9.705,-0
9.71,-0
9.715,-0
9.72,-0
9.725,-0
9.73,-0
9.735,-0
9.74,-0
9.745,-0
9.75,-0
9.755,-0
9.76,-0
9.765,-0
9.77,-0
9.775,-0
9.78,-0
9.785,-0
9.79,-0
9.795,-0
9.8,-0
9.805,-0
9.81,-0
9.815,-0
9.82,-0
9.825,-0
9.83,-0
9.835,-0
9.84,-0
9.845,-0
9.85,-0
9.855,-0
9.86,-0
9.865,-0
9.87,-0
9.875,-0
9.88,-0
9.885,-0
9.89,-0
9.895,-0
9.9,-0
9.905,-0
9.91,-0
9.915,-0
9.92,-0
9.925,-0
9.93,-0
9.935,-0
9.94,-0
9.945,-0
9.95,-0
9.955,-0
9.96,-0
9.965,-0
9.97,-0
9.975,-0
9.98,-0
9.985,-0
9.99,-0
9.995,-0
10,-0
10.005,-0
10.01,-0
10.015,-0
10.02,-0
10.025,-0
10.03,-0
10.035,-0
10.04,-0
10.045,-0
10.05,-0
10.055,-0
10.06,-0
10.065,-0
10.07,-0
10.075,-0
10.08,-0
10.085,-0
10.09,-0
10.095,-0
10.1,-0
10.105,-0
10.11,-0
10.115,-0
10.12,-0
10.125,-0
10.13,-0
10.135,-0
10.14,-0
10.145,-0
10.15,-0
10.155,-0
10.16,-0
10.165,-0
10.17,-0
10.175,-0
10.18,-0
10.185,-0
10.19,-0
10.195,-0
10.2,-0
10.205,-0
10.21,-0
10.215,-0
10.22,-0
10.225,-0
10.23,-0
10.235,-0
10.24,-0
10.245,-0
10.25,-0
10.255,-0
10.26,-0
10.265,-0
10.27,-0
10.275,-0
10.28,-0
10.285,-0
10.29,-0
10.295,-0
10.3,-0
10.305,-0
10.31,-0
10.315,-0
10.32,-0
10.325,-0
10.33,-0
10.335,-0
10.34,-0
10.345,-0
10.35,-0
10.355,-0
10.36,-0
10.365,-0
10.37,-0
10.375,-0
10.38,-0
10.385,-0
10.39,-0
10.395,-0
10.4,0
10.405,0
10.41,0
10.415,0
10.42,0
10.425,0
10.43,0
10.435,0
10.44,0
10.445,0
10.45,0
10.455,0
10.46,0
10.465,0
10.47,0
10.475,0
10.48,0
10.485,0
10.49,0
10.495,0
10.5,0
10.505,0
10.51,0
10.515,0
10.52,0
10.525,0
10.53,0
10.535,0
10.54,0
10.545,0
10.55,0
10.555,0
10.56,0
10.565,0
10.57,0
10.575,0
10.58,0
10.585,0
10.59,0
10.595,0
10.6,0
10.605,0
10.61,0
10.615,0
10.62,0
10.625,0
10.63,0
10.635,0
10.64,0
10.645,0
10.65,0
10.655,0
10.66,0
10.665,0
10.67,0
10.675,0
10.68,0
10.685,0
10.69,0
10.695,0
10.7,0
10.705,0
10.71,0
10.715,0
10.72,0
10.725,0
10.73,0
10.735,0
10.74,0
10.745,0
10.75,0
10.755,0
10.76,0
10.765,0
10.77,0
10.775,0
10.78,0
10.785,0
10.79,0
10.795,0
10.8,0
10.805,0
10.81,0
10.815,0
10.82,0
10.825,0
10.83,0
10.835,0
10.84,0
10.845,0
10.85,0
10.855,0
10.86,0
10.865,0
10.87,0
10.875,0
10.88,0
10.885,0
10.89,0
10.895,0
10.9,0
10.905,0
10.91,0
10.915,0
10.92,0
10.925,0
10.93,0
10.935,0
10.94,0
10.945,0
10.95,0
10.955,0
10.96,0
10.965,0
10.97,0
10.975,0
10.98,0
10.985,0
10.99,0
10.995,0
11,0
11.005,0
11.01,0
11.015,0
11.02,0
11.025,1.0194e-09
11.03,1.0194e-09
11.035,1.0194e-09
11.04,1.0194e-09
11.045,1.0194e-09
11.05,1.0194e-09
11.055,1.0194e-09
11.06,1.0194e-09
11.065,1.0194e-09
11.07,1.0194e-09
11.075,1.0194e-09
11.08,1.0194e-09
11.085,1.0194e-09
11.09,1.0194e-09
11.095,1.0194e-09
11.1,1.0194e-09
11.105,1.0194e-09
11.11,1.0194e-09
11.115,1.0194e-09
11.12,1.0194e-09
11.125,1.0194e-09
11.13,1.0194e-09
11.135,1.0194e-09
11.14,1.0194e-09
11.145,1.0194e-09
11.15,1.0194e-09
11.155,1.0194e-09
11.16,1.0194e-09
11.165,1.0194e-09
11.17,1.0194e-09
11.175,1.0194e-09
11.18,1.0194e-09
11.185,1.0194e-09
11.19,1.0194e-09
11.195,1.0194e-09
11.2,1.0194e-09
11.205,1.0194e-09
11.21,1.0194e-09
11.215,1.0194e-09
11.22,1.0194e-09
11.225,1.0194e-09
11.23,1.0194e-09
11.235,1.0194e-09
11.24,1.0194e-09
11.245,1.0194e-09
11.25,1.0194e-09
11.255,1.0194e-09
11.26,1.0194e-09
11.265,1.0194e-09
11.27,1.0194e-09
11.275,1.0194e-09
11.28,1.0194e-09
11.285,1.0194e-09
11.29,1.0194e-09
11.295,1.0194e-09
11.3,1.0194e-09
11.305,1.0194e-09
11.31,1.0194e-09
11.315,1.0194e-09
11.32,1.0194e-09
11.325,1.0194e-09
11.33,1.0194e-09
11.335,1.0194e-09
11.34,1.0194e-09
11.345,1.0194e-09
11.35,1.0194e-09
11.355,1.0194e-09
11.36,1.0194e-09
11.365,1.0194e-09
11.37,1.0194e-09
11.375,1.0194e-09
11.38,1.0194e-09
11.385,1.0194e-09
11.39,1.0194e-09
11.395,1.0194e-09
11.4,1.0194e-09
11.405,1.0194e-09
11.41,1.0194e-09
11.415,1.0194e-09
11.42,1.0194e-09
11.425,1.0194e-09
11.43,1.0194e-09
11.435,1.0194e-09
11.44,1.0194e-09
11.445,1.0194e-09
11.45,1.0194e-09
11.455,1.0194e-09
11.46,1.0194e-09
11.465,1.0194e-09
11.47,1.0194e-09
11.475,1.0194e-09
11.48,1.0194e-09
11.485,1.0194e-09
11.49,1.0194e-09
11.495,1.0194e-09
11.5,1.0194e-09
11.505,1.0194e-09
11.51,1.0194e-09
11.515,1.0194e-09
11.52,1.0194e-09
11.525,1.0194e-09
11.53,1.0194e-09
11.535,1.0194e-09
11.54,1.0194e-09
11.545,1.0194e-09
11.55,1.0194e-09
11.555,1.0194e-09
11.56,1.0194e-09
11.565,1.0194e-09
11.57,1.0194e-09
11.575,1.0194e-09
11.58,1.0194e-09
11.585,1.0194e-09
11.59,1.0194e-09
11.595,1.0194e-09
11.6,1.0194e-09
11.605,1.0194e-09
11.61,1.0194e-09
11.615,1.0194e-09
11.62,1.0194e-09
11.625,1.0194e-09
11.63,1.0194e-09
11.635,1.0194e-09
11.64,1.0194e-09
11.645,1.0194e-09
11.65,1.0194e-09
11.655,1.0194e-09
11.66,1.0194e-09
11.665,1.0194e-09
11.67,1.0194e-09
11.675,1.0194e-09
11.68,1.0194e-09
11.685,1.0194e-09
11.69,1.0194e-09
11.695,1.0194e-09
11.7,1.0194e-09
11.705,1.0194e-09
11.71,1.0194e-09
11.715,1.0194e-09
11.72,1.0194e-09
11.725,1.0194e-09
11.73,1.0194e-09
11.735,1.0194e-09
11.74,1.0194e-09
11.745,1.0194e-09
11.75,1.0194e-09
11.755,1.0194e-09
11.76,1.0194e-09
11.765,1.0194e-09
11.77,1.0194e-09
11.775,1.0194e-09
11.78,1.0194e-09
11.785,1.0194e-09
11.79,1.0194e-09
11.795,1.0194e-09
11.8,1.0194e-09
11.805,1.0194e-09
11.81,1.0194e-09
11.815,1.0194e-09
11.82,1.0194e-09
11.825,1.0194e-09
11.83,1.0194e-09
11.835,1.0194e-09
11.84,1.0194e-09
11.845,1.0194e-09
11.85,1.0194e-09
11.855,1.0194e-09
11.86,1.0194e-09
11.865,1.0194e-09
11.87,1.0194e-09
11.875,1.0194e-09
11.88,1.0194e-09
11.885,1.0194e-09
11.89,1.0194e-09
11.895,1.0194e-09
11.9,1.0194e-09
11.905,1.0194e-09
11.91,1.0194e-09
11.915,1.0194e-09
11.92,1.0194e-09
11.925,1.0194e-09
11.93,1.0194e-09
11.935,1.0194e-09
11.94,1.0194e-09
11.945,1.0194e-09
11.95,1.0194e-09
11.955,1.0194e-09
11.96,1.0194e-09
11.965,1.0194e-09
11.97,1.0194e-09
11.975,1.0194e-09
11.98,1.0194e-09
11.985,1.0194e-09
11.99,1.0194e-09
11.995,1.0194e-09
12,1.0194e-09
12.005,1.0194e-09
12.01,1.0194e-09
12.015,1.0194e-09
12.02,1.0194e-09
12.025,1.0194e-09
12.03,1.0194e-09
12.035,1.0194e-09
12.04,2.0387e-09
12.045,2.0387e-09
12.05,2.0387e-09
12.055,2.0387e-09
12.06,2.0387e-09
12.065,2.0387e-09
12.07,2.0387e-09
12.075,2.0387e-09
12.08,2.0387e-09
12.085,2.0387e-09
12.09,2.0387e-09
12.095,2.0387e-09
12.1,2.0387e-09
12.105,2.0387e-09
12.11,2.0387e-09
12.115,2.0387e-09
12.12,2.0387e-09
12.125,2.0387e-09
12.13,2.0387e-09
12.135,2.0387e-09
12.14,2.0387e-09
12.145,2.0387e-09
12.15,2.0387e-09
12.155,2.0387e-09
12.16,2.0387e-09
12.165,2.0387e-09
12.17,2.0387e-09
12.175,2.0387e-09
12.18,2.0387e-09
12.185,2.0387e-09
12.19,2.0387e-09
12.195,2.0387e-09
12.2,2.0387e-09
12.205,2.0387e-09
12.21,2.0387e-09
12.215,2.0387e-09
12.22,2.0387e-09
12.225,2.0387e-09
12.23,2.0387e-09
12.235,2.0387e-09
12.24,2.0387e-09
12.245,2.0387e-09
12.25,2.0387e-09
12.255,2.0387e-09
12.26,2.0387e-09
12.265,2.0387e-09
12.27,2.0387e-09
12.275,2.0387e-09
12.28,2.0387e-09
12.285,2.0387e-09
12.29,2.0387e-09
12.295,2.0387e-09
12.3,2.0387e-09
12.305,2.0387e-09
12.31,2.0387e-09
12.315,2.0387e-09
12.32,2.0387e-09
12.325,2.0387e-09
12.33,2.0387e-09
12.335,2.0387e-09
12.34,2.0387e-09
12.345,2.0387e-09
12.35,2.0387e-09
12.355,2.0387e-09
12.36,2.0387e-09
12.365,2.0387e-09
12.37,2.0387e-09
12.375,2.0387e-09
12.38,2.0387e-09
12.385,2.0387e-09
12.39,2.0387e-09
12.395,2.0387e-09
12.4,2.0387e-09
12.405,2.0387e-09
12.41,2.0387e-09
12.415,2.0387e-09
12.42,2.0387e-09
12.425,2.0387e-09
12.43,2.0387e-09
12.435,2.0387e-09
12.44,2.0387e-09
12.445,2.0387e-09
12.45,2.0387e-09
12.455,2.0387e-09
12.46,2.0387e-09
12.465,2.0387e-09
12.47,2.0387e-09
12.475,2.0387e-09
12.48,2.0387e-09
12.485,2.0387e-09
12.49,2.0387e-09
12.495,2.0387e-09
12.5,2.0387e-09
12.505,2.0387e-09
12.51,2.0387e-09
12.515,2.0387e-09
12.52,2.0387e-09
12.525,2.0387e-09
12.53,2.0387e-09
12.535,2.0387e-09
12.54,2.0387e-09
12.545,2.0387e-09
12.55,2.0387e-09
12.555,2.0387e-09
12.56,2.0387e-09
12.565,2.0387e-09
12.57,2.0387e-09
12.575,2.0387e-09
12.58,2.0387e-09
12.585,2.0387e-09
12.59,2.0387e-09
12.595,2.0387e-09
12.6,2.0387e-09
12.605,2.0387e-09
12.61,2.0387e-09
12.615,2.0387e-09
12.62,2.0387e-09
12.625,2.0387e-09
12.63,2.0387e-09
12.635,2.0387e-09
12.64,2.0387e-09
12.645,2.0387e-09
12.65,2.0387e-09
12.655,2.0387e-09
12.66,2.0387e-09
12.665,2.0387e-09
12.67,2.0387e-09
12.675,2.0387e-09
12.68,2.0387e-09
12.685,2.0387e-09
12.69,2.0387e-09
12.695,2.0387e-09
12.7,2.0387e-09
12.705,2.0387e-09
12.71,2.0387e-09
12.715,2.0387e-09
12.72,2.0387e-09
12.725,2.0387e-09
12.73,2.0387e-09
12.735,2.0387e-09
12.74,2.0387e-09
12.745,2.0387e-09
12.75,2.0387e-09
12.755,2.0387e-09
12.76,2.0387e-09
12.765,2.0387e-09
12.77,2.0387e-09
12.775,2.0387e-09
12.78,2.0387e-09
12.785,2.0387e-09
12.79,2.0387e-09
12.795,2.0387e-09
12.8,2.0387e-09
12.805,2.0387e-09
12.81,2.0387e-09
12.815,2.0387e-09
12.82,2.0387e-09
12.825,2.0387e-09
12.83,2.0387e-09
12.835,2.0387e-09
12.84,2.0387e-09
12.845,2.0387e-09
12.85,2.0387e-09
12.855,2.0387e-09
12.86,2.0387e-09
12.865,2.0387e-09
12.87,2.0387e-09
12.875,2.0387e-09
12.88,2.0387e-09
12.885,2.0387e-09
12.89,2.0387e-09
12.895,2.0387e-09
12.9,2.0387e-09
12.905,2.0387e-09
12.91,2.0387e-09
12.915,2.0387e-09
12.92,2.0387e-09
12.925,2.0387e-09
12.93,2.0387e-09
12.935,2.0387e-09
12.94,2.0387e-09
12.945,2.0387e-09
12.95,3.0581e-09
12.955,3.0581e-09
12.96,3.0581e-09
12.965,3.0581e-09
12.97,3.0581e-09
12.975,3.0581e-09
12.98,3.0581e-09
12.985,3.0581e-09
12.99,3.0581e-09
12.995,3.0581e-09
13,3.0581e-09
13.005,3.0581e-09
13.01,3.0581e-09
13.015,3.0581e-09
13.02,3.0581e-09
13.025,3.0581e-09
13.03,3.0581e-09
13.035,3.0581e-09
13.04,3.0581e-09
13.045,3.0581e-09
13.05,3.0581e-09
13.055,3.0581e-09
13.06,3.0581e-09
13.065,3.0581e-09
13.07,3.0581e-09
13.075,3.0581e-09
13.08,3.0581e-09
13.085,3.0581e-09
13.09,3.0581e-09
13.095,3.0581e-09
13.1,3.0581e-09
13.105,3.0581e-09
13.11,3.0581e-09
13.115,3.0581e-09
13.12,3.0581e-09
13.125,3.0581e-09
13.13,3.0581e-09
13.135,3.0581e-09
13.14,3.0581e-09
13.145,3.0581e-09
13.15,3.0581e-09
13.155,3.0581e-09
13.16,3.0581e-09
13.165,3.0581e-09
13.17,3.0581e-09
13.175,3.0581e-09
13.18,3.0581e-09
13.185,3.0581e-09
13.19,3.0581e-09
13.195,3.0581e-09
13.2,3.0581e-09
13.205,3.0581e-09
13.21,3.0581e-09
13.215,3.0581e-09
13.22,3.0581e-09
13.225,3.0581e-09
13.23,3.0581e-09
13.235,3.0581e-09
13.24,3.0581e-09
13.245,3.0581e-09
13.25,3.0581e-09
13.255,3.0581e-09
13.26,3.0581e-09
13.265,3.0581e-09
13.27,3.0581e-09
13.275,3.0581e-09
13.28,3.0581e-09
13.285,3.0581e-09
13.29,3.0581e-09
13.295,3.0581e-09
13.3,3.0581e-09
13.305,3.0581e-09
13.31,3.0581e-09
13.315,3.0581e-09
13.32,3.0581e-09
13.325,3.0581e-09
13.33,3.0581e-09
13.335,3.0581e-09
13.34,3.0581e-09
13.345,3.0581e-09
13.35,3.0581e-09
13.355,3.0581e-09
13.36,3.0581e-09
13.365,3.0581e-09
13.37,3.0581e-09
13.375,3.0581e-09
13.38,3.0581e-09
13.385,3.0581e-09
13.39,3.0581e-09
13.395,3.0581e-09
13.4,3.0581e-09
13.405,3.0581e-09
13.41,3.0581e-09
13.415,3.0581e-09
13.42,3.0581e-09
13.425,3.0581e-09
13.43,3.0581e-09
13.435,3.0581e-09
13.44,3.0581e-09
13.445,3.0581e-09
13.45,3.0581e-09
13.455,3.0581e-09
13.46,3.0581e-09
13.465,3.0581e-09
13.47,3.0581e-09
13.475,3.0581e-09
13.48,3.0581e-09
13.485,3.0581e-09
13.49,3.0581e-09
13.495,3.0581e-09
13.5,3.0581e-09
13.505,3.0581e-09
13.51,3.0581e-09
13.515,3.0581e-09
13.52,3.0581e-09
13.525,3.0581e-09
13.53,3.0581e-09
13.535,3.0581e-09
13.54,3.0581e-09
13.545,3.0581e-09
13.55,3.0581e-09
13.555,3.0581e-09
13.56,3.0581e-09
13.565,3.0581e-09
13.57,3.0581e-09
13.575,3.0581e-09
13.58,3.0581e-09
13.585,3.0581e-09
13.59,3.0581e-09
13.595,3.0581e-09
13.6,3.0581e-09
13.605,3.0581e-09
13.61,3.0581e-09
13.615,3.0581e-09
13.62,3.0581e-09
13.625,3.0581e-09
13.63,3.0581e-09
13.635,3.0581e-09
13.64,3.0581e-09
13.645,3.0581e-09
13.65,3.0581e-09
13.655,3.0581e-09
13.66,3.0581e-09
13.665,3.0581e-09
13.67,3.0581e-09
13.675,3.0581e-09
13.68,3.0581e-09
13.685,3.0581e-09
13.69,3.0581e-09
13.695,3.0581e-09
13.7,3.0581e-09
13.705,3.0581e-09
13.71,3.0581e-09
13.715,3.0581e-09
13.72,3.0581e-09
13.725,3.0581e-09
13.73,3.0581e-09
13.735,3.0581e-09
13.74,3.0581e-09
13.745,3.0581e-09
13.75,3.0581e-09
13.755,3.0581e-09
13.76,3.0581e-09
13.765,3.0581e-09
13.77,3.0581e-09
13.775,3.0581e-09
13.78,3.0581e-09
13.785,3.0581e-09
13.79,3.0581e-09
13.795,3.0581e-09
13.8,3.0581e-09
13.805,3.0581e-09
13.81,3.0581e-09
13.815,3.0581e-09
13.82,3.0581e-09
13.825,3.0581e-09
13.83,3.0581e-09
13.835,3.0581e-09
13.84,3.0581e-09
13.845,3.0581e-09
13.85,3.0581e-09
13.855,3.0581e-09
13.86,3.0581e-09
13.865,3.0581e-09
13.87,3.0581e-09
13.875,3.0581e-09
13.88,3.0581e-09
13.885,3.0581e-09
13.89,3.0581e-09
13.895,3.0581e-09
13.9,3.0581e-09
13.905,3.0581e-09
13.91,3.0581e-09
13.915,3.0581e-09
13.92,3.0581e-09
13.925,3.0581e-09
13.93,3.0581e-09
13.935,3.0581e-09
13.94,3.0581e-09
13.945,3.0581e-09
13.95,3.0581e-09
13.955,3.0581e-09
13.96,3.0581e-09
13.965,3.0581e-09
13.97,3.0581e-09
13.975,3.0581e-09
13.98,3.0581e-09
13.985,3.0581e-09
13.99,3.0581e-09
13.995,3.0581e-09
14,3.0581e-09
14.005,3.0581e-09
14.01,3.0581e-09
14.015,3.0581e-09
14.02,3.0581e-09
14.025,3.0581e-09
14.03,3.0581e-09
14.035,3.0581e-09
14.04,3.0581e-09
14.045,3.0581e-09
14.05,3.0581e-09
14.055,3.0581e-09
14.06,3.0581e-09
14.065,3.0581e-09
14.07,3.0581e-09
14.075,3.0581e-09
14.08,3.0581e-09
14.085,3.0581e-09
14.09,3.0581e-09
14.095,3.0581e-09
14.1,3.0581e-09
14.105,3.0581e-09
14.11,3.0581e-09
14.115,3.0581e-09
14.12,3.0581e-09
14.125,3.0581e-09
14.13,3.0581e-09
14.135,3.0581e-09
14.14,3.0581e-09
14.145,3.0581e-09
14.15,3.0581e-09
14.155,3.0581e-09
14.16,3.0581e-09
14.165,3.0581e-09
14.17,3.0581e-09
14.175,3.0581e-09
14.18,3.0581e-09
14.185,3.0581e-09
14.19,3.0581e-09
14.195,3.0581e-09
14.2,3.0581e-09
14.205,3.0581e-09
14.21,3.0581e-09
14.215,3.0581e-09
14.22,3.0581e-09
14.225,3.0581e-09
14.23,3.0581e-09
14.235,3.0581e-09
14.24,3.0581e-09
14.245,3.0581e-09
14.25,3.0581e-09
14.255,3.0581e-09
14.26,3.0581e-09
14.265,3.0581e-09
14.27,3.0581e-09
14.275,3.0581e-09
14.28,3.0581e-09
14.285,3.0581e-09
14.29,3.0581e-09
14.295,3.0581e-09
14.3,3.0581e-09
14.305,3.0581e-09
14.31,3.0581e-09
14.315,3.0581e-09
14.32,3.0581e-09
14.325,3.0581e-09
14.33,3.0581e-09
14.335,3.0581e-09
14.34,3.0581e-09
14.345,3.0581e-09
14.35,3.0581e-09
14.355,3.0581e-09
14.36,3.0581e-09
14.365,3.0581e-09
14.37,3.0581e-09
14.375,3.0581e-09
14.38,3.0581e-09
14.385,3.0581e-09
14.39,3.0581e-09
14.395,3.0581e-09
14.4,3.0581e-09
14.405,3.0581e-09
14.41,3.0581e-09
14.415,3.0581e-09
14.42,3.0581e-09
14.425,3.0581e-09
14.43,3.0581e-09
14.435,3.0581e-09
14.44,3.0581e-09
14.445,3.0581e-09
14.45,3.0581e-09
14.455,3.0581e-09
14.46,3.0581e-09
14.465,3.0581e-09
14.47,3.0581e-09
14.475,3.0581e-09
14.48,3.0581e-09
14.485,3.0581e-09
14.49,3.0581e-09
14.495,3.0581e-09
14.5,3.0581e-09
14.505,3.0581e-09
14.51,3.0581e-09
14.515,3.0581e-09
14.52,3.0581e-09
14.525,3.0581e-09
14.53,3.0581e-09
14.535,3.0581e-09
14.54,3.0581e-09
14.545,3.0581e-09
14.55,3.0581e-09
14.555,3.0581e-09
14.56,3.0581e-09
14.565,3.0581e-09
14.57,3.0581e-09
14.575,3.0581e-09
14.58,3.0581e-09
14.585,3.0581e-09
14.59,3.0581e-09
14.595,3.0581e-09
14.6,3.0581e-09
14.605,3.0581e-09
14.61,3.0581e-09
14.615,3.0581e-09
14.62,3.0581e-09
14.625,3.0581e-09
14.63,3.0581e-09
14.635,3.0581e-09
14.64,3.0581e-09
14.645,3.0581e-09
14.65,3.0581e-09
14.655,3.0581e-09
14.66,3.0581e-09
14.665,3.0581e-09
14.67,3.0581e-09
14.675,3.0581e-09
14.68,3.0581e-09
14.685,3.0581e-09
14.69,3.0581e-09
14.695,3.0581e-09
14.7,3.0581e-09
14.705,3.0581e-09
14.71,3.0581e-09
14.715,3.0581e-09
14.72,3.0581e-09
14.725,3.0581e-09
14.73,3.0581e-09
14.735,3.0581e-09
14.74,3.0581e-09
14.745,3.0581e-09
14.75,3.0581e-09
14.755,3.0581e-09
14.76,3.0581e-09
14.765,3.0581e-09
14.77,3.0581e-09
14.775,3.0581e-09
14.78,3.0581e-09
14.785,3.0581e-09
14.79,3.0581e-09
14.795,3.0581e-09
14.8,3.0581e-09
14.805,3.0581e-09
14.81,3.0581e-09
14.815,3.0581e-09
14.82,3.0581e-09
14.825,3.0581e-09
14.83,3.0581e-09
14.835,3.0581e-09
14.84,3.0581e-09
14.845,3.0581e-09
14.85,3.0581e-09
14.855,3.0581e-09
14.86,3.0581e-09
14.865,3.0581e-09
14.87,3.0581e-09
14.875,3.0581e-09
14.88,3.0581e-09
14.885,3.0581e-09
14.89,3.0581e-09
14.895,3.0581e-09
14.9,3.0581e-09
14.905,3.0581e-09
14.91,3.0581e-09
14.915,3.0581e-09
14.92,3.0581e-09
14.925,3.0581e-09
14.93,3.0581e-09
14.935,3.0581e-09
14.94,3.0581e-09
14.945,3.0581e-09
14.95,3.0581e-09
14.955,3.0581e-09
14.96,3.0581e-09
14.965,3.0581e-09
14.97,3.0581e-09
14.975,3.0581e-09
14.98,3.0581e-09
14.985,3.0581e-09
14.99,3.0581e-09
14.995,3.0581e-09
15,3.0581e-09
15.005,3.0581e-09
15.01,3.0581e-09
15.015,3.0581e-09
15.02,3.0581e-09
15.025,3.0581e-09
15.03,3.0581e-09
15.035,3.0581e-09
15.04,3.0581e-09
15.045,3.0581e-09
15.05,3.0581e-09
15.055,3.0581e-09
15.06,3.0581e-09
15.065,3.0581e-09
15.07,3.0581e-09
15.075,3.0581e-09
15.08,3.0581e-09
15.085,3.0581e-09
15.09,3.0581e-09
15.095,3.0581e-09
15.1,3.0581e-09
15.105,3.0581e-09
15.11,3.0581e-09
15.115,3.0581e-09
15.12,3.0581e-09
15.125,3.0581e-09
15.13,3.0581e-09
15.135,3.0581e-09
15.14,3.0581e-09
15.145,3.0581e-09
15.15,3.0581e-09
15.155,3.0581e-09
15.16,3.0581e-09
15.165,3.0581e-09
15.17,3.0581e-09
15.175,3.0581e-09
15.18,3.0581e-09
15.185,3.0581e-09
15.19,3.0581e-09
15.195,3.0581e-09
15.2,3.0581e-09
15.205,3.0581e-09
15.21,3.0581e-09
15.215,3.0581e-09
15.22,3.0581e-09
15.225,3.0581e-09
15.23,3.0581e-09
15.235,3.0581e-09
15.24,3.0581e-09
15.245,3.0581e-09
15.25,3.0581e-09
15.255,3.0581e-09
15.26,3.0581e-09
15.265,3.0581e-09
15.27,3.0581e-09
15.275,3.0581e-09
15.28,3.0581e-09
15.285,3.0581e-09
15.29,3.0581e-09
15.295,3.0581e-09
15.3,3.0581e-09
15.305,3.0581e-09
15.31,3.0581e-09
15.315,3.0581e-09
15.32,3.0581e-09
15.325,3.0581e-09
15.33,3.0581e-09
15.335,3.0581e-09
15.34,3.0581e-09
15.345,3.0581e-09
15.35,3.0581e-09
15.355,3.0581e-09
15.36,3.0581e-09
15.365,3.0581e-09
15.37,3.0581e-09
15.375,3.0581e-09
15.38,3.0581e-09
15.385,3.0581e-09
15.39,2.0387e-09
15.395,2.0387e-09
15.4,2.0387e-09
15.405,2.0387e-09
15.41,2.0387e-09
15.415,2.0387e-09
15.42,2.0387e-09
15.425,2.0387e-09
15.43,2.0387e-09
15.435,2.0387e-09
15.44,2.0387e-09
15.445,2.0387e-09
15.45,2.0387e-09
15.455,2.0387e-09
15.46,2.0387e-09
15.465,2.0387e-09
15.47,2.0387e-09
15.475,2.0387e-09
15.48,2.0387e-09
15.485,2.0387e-09
15.49,2.0387e-09
15.495,2.0387e-09
15.5,2.0387e-09
15.505,2.0387e-09
15.51,2.0387e-09
15.515,2.0387e-09
15.52,2.0387e-09
15.525,2.0387e-09
15.53,2.0387e-09
15.535,2.0387e-09
15.54,2.0387e-09
15.545,2.0387e-09
15.55,2.0387e-09
15.555,2.0387e-09
15.56,2.0387e-09
15.565,2.0387e-09
15.57,2.0387e-09
15.575,2.0387e-09
15.58,2.0387e-09
15.585,2.0387e-09
15.59,2.0387e-09
15.595,2.0387e-09
15.6,2.0387e-09
15.605,2.0387e-09
15.61,2.0387e-09
15.615,2.0387e-09
15.62,2.0387e-09
15.625,2.0387e-09
15.63,2.0387e-09
15.635,2.0387e-09
15.64,2.0387e-09
15.645,2.0387e-09
15.65,2.0387e-09
15.655,2.0387e-09
15.66,2.0387e-09
15.665,2.0387e-09
15.67,2.0387e-09
15.675,2.0387e-09
15.68,2.0387e-09
15.685,2.0387e-09
15.69,2.0387e-09
15.695,2.0387e-09
15.7,2.0387e-09
15.705,2.0387e-09
15.71,2.0387e-09
15.715,2.0387e-09
15.72,2.0387e-09
15.725,2.0387e-09
15.73,2.0387e-09
15.735,2.0387e-09
15.74,2.0387e-09
15.745,1.0194e-09
15.75,1.0194e-09
15.755,1.0194e-09
15.76,1.0194e-09
15.765,1.0194e-09
15.77,1.0194e-09
15.775,1.0194e-09
15.78,1.0194e-09
15.785,1.0194e-09
15.79,1.0194e-09
15.795,1.0194e-09
15.8,1.0194e-09
15.805,1.0194e-09
15.81,1.0194e-09
15.815,1.0194e-09
15.82,1.0194e-09
15.825,1.0194e-09
15.83,1.0194e-09
15.835,1.0194e-09
15.84,1.0194e-09
15.845,1.0194e-09
15.85,1.0194e-09
15.855,1.0194e-09
15.86,1.0194e-09
15.865,1.0194e-09
15.87,1.0194e-09
15.875,1.0194e-09
15.88,1.0194e-09
15.885,1.0194e-09
15.89,1.0194e-09
15.895,1.0194e-09
15.9,1.0194e-09
15.905,1.0194e-09
15.91,1.0194e-09
15.915,1.0194e-09
15.92,1.0194e-09
15.925,1.0194e-09
15.93,1.0194e-09
15.935,1.0194e-09
15.94,1.0194e-09
15.945,1.0194e-09
15.95,1.0194e-09
15.955,1.0194e-09
15.96,1.0194e-09
15.965,1.0194e-09
15.97,1.0194e-09
15.975,1.0194e-09
15.98,1.0194e-09
15.985,1.0194e-09
15.99,1.0194e-09
15.995,1.0194e-09
16,0
16.005,0
16.01,0
16.015,0
16.02,0
16.025,0
16.03,0
16.035,0
16.04,0
16.045,0
16.05,0
16.055,0
16.06,0
16.065,0
16.07,0
16.075,0
16.08,0
16.085,0
16.09,0
16.095,0
16.1,0
16.105,-0
16.11,-0
16.115,-0
16.12,-0
16.125,-0
16.13,-0
16.135,-0
16.14,-0
16.145,-0
16.15,-0
16.155,-0
16.16,-0
16.165,-0
16.17,-0
16.175,-0
16.18,-0
16.185,-0
16.19,-0
16.195,-0
16.2,-1.0194e-09
16.205,-1.0194e-09
16.21,-1.0194e-09
16.215,-1.0194e-09
16.22,-1.0194e-09
16.225,-1.0194e-09
16.23,-1.0194e-09
16.235,-1.0194e-09
16.24,-1.0194e-09
16.245,-1.0194e-09
16.25,-1.0194e-09
16.255,-1.0194e-09
16.26,-1.0194e-09
16.265,-1.0194e-09
16.27,-1.0194e-09
16.275,-1.0194e-09
16.28,-1.0194e-09
16.285,-1.0194e-09
16.29,-1.0194e-09
16.295,-1.0194e-09
16.3,-1.0194e-09
16.305,-1.0194e-09
16.31,-1.0194e-09
16.315,-1.0194e-09
16.32,-1.0194e-09
16.325,-1.0194e-09
16.33,-1.0194e-09
16.335,-1.0194e-09
16.34,-1.0194e-09
16.345,-1.0194e-09
16.35,-1.0194e-09
16.355,-1.0194e-09
16.36,-1.0194e-09
16.365,-1.0194e-09
16.37,-1.0194e-09
16.375,-2.0387e-09
16.38,-2.0387e-09
16.385,-2.0387e-09
16.39,-2.0387e-09
16.395,-2.0387e-09
16.4,-2.0387e-09
16.405,-2.0387e-09
16.41,-2.0387e-09
16.415,-2.0387e-09
16.42,-2.0387e-09
16.425,-2.0387e-09
16.43,-2.0387e-09
16.435,-2.0387e-09
16.44,-2.0387e-09
16.445,-2.0387e-09
16.45,-2.0387e-09
16.455,-2.0387e-09
16.46,-2.0387e-09
16.465,-2.0387e-09
16.47,-2.0387e-09
16.475,-2.0387e-09
16.48,-2.0387e-09
16.485,-2.0387e-09
16.49,-2.0387e-09
16.495,-2.0387e-09
16.5,-2.0387e-09
16.505,-2.0387e-09
16.51,-2.0387e-09
16.515,-2.0387e-09
16.52,-2.0387e-09
16.525,-2.0387e-09
16.53,-3.0581e-09
16.535,-3.0581e-09
16.54,-3.0581e-09
16.545,-3.0581e-09
16.55,-3.0581e-09
16.555,-3.0581e-09
16.56,-3.0581e-09
16.565,-3.0581e-09
16.57,-3.0581e-09
16.575,-3.0581e-09
16.58,-3.0581e-09
16.585,-3.0581e-09
16.59,-3.0581e-09
16.595,-3.0581e-09
16.6,-3.0581e-09
16.605,-3.0581e-09
16.61,-3.0581e-09
16.615,-3.0581e-09
16.62,-3.0581e-09
16.625,-3.0581e-09
16.63,-3.0581e-09
16.635,-3.0581e-09
16.64,-3.0581e-09
16.645,-3.0581e-09
16.65,-3.0581e-09
16.655,-3.0581e-09
16.66,-3.0581e-09
16.665,-4.0775e-09
16.67,-4.0775e-09
16.675,-4.0775e-09
16.68,-4.0775e-09
16.685,-4.0775e-09
16.69,-4.0775e-09
16.695,-4.0775e-09
16.7,-4.0775e-09
16.705,-4.0775e-09
16.71,-4.0775e-09
16.715,-4.0775e-09
16.72,-4.0775e-09
16.725,-4.0775e-09
16.73,-4.0775e-09
16.735,-4.0775e-09
16.74,-4.0775e-09
16.745,-4.0775e-09
16.75,-4.0775e-09
16.755,-4.0775e-09
16.76,-4.0775e-09
16.765,-4.0775e-09
16.77,-4.0775e-09
16.775,-4.0775e-09
16.78,-4.0775e-09
16.785,-4.0775e-09
16.79,-5.0968e-09
16.795,-5.0968e-09
16.8,-5.0968e-09
16.805,-5.0968e-09
16.81,-5.0968e-09
16.815,-5.0968e-09
16.82,-5.0968e-09
16.825,-5.0968e-09
16.83,-5.0968e-09
16.835,-5.0968e-09
16.84,-5.0968e-09
16.845,-5.0968e-09
16.85,-5.0968e-09
16.855,-5.0968e-09
16.86,-5.0968e-09
16.865,-5.0968e-09
16.87,-5.0968e-09
16.875,-5.0968e-09
16.88,-5.0968e-09
16.885,-5.0968e-09
16.89,-5.0968e-09
16.895,-5.0968e-09
16.9,-6.1162e-09
16.905,-6.1162e-09
16.91,-6.1162e-09
16.915,-6.1162e-09
16.92,-6.1162e-09
16.925,-6.1162e-09
16.93,-6.1162e-09
16.935,-6.1162e-09
16.94,-6.1162e-09
16.945,-6.1162e-09
16.95,-6.1162e-09
16.955,-6.1162e-09
16.96,-6.1162e-09
16.965,-6.1162e-09
16.97,-6.1162e-09
16.975,-6.1162e-09
16.98,-6.1162e-09
16.985,-6.1162e-09
16.99,-6.1162e-09
16.995,-6.1162e-09
17,-6.1162e-09
17.005,-6.1162e-09
17.01,-7.1356e-09
17.015,-7.1356e-09
17.02,-7.1356e-09
17.025,-7.1356e-09
17.03,-7.1356e-09
17.035,-7.1356e-09
17.04,-7.1356e-09
17.045,-7.1356e-09
17.05,-7.1356e-09
17.055,-7.1356e-09
17.06,-7.1356e-09
17.065,-7.1356e-09
17.07,-7.1356e-09
17.075,-7.1356e-09
17.08,-7.1356e-09
17.085,-7.1356e-09
17.09,-7.1356e-09
17.095,-7.1356e-09
17.1,-7.1356e-09
17.105,-7.1356e-09
17.11,-8.1549e-09
17.115,-8.1549e-09
17.12,-8.1549e-09
17.125,-8.1549e-09
17.13,-8.1549e-09
17.135,-8.1549e-09
17.14,-8.1549e-09
17.145,-8.1549e-09
17.15,-8.1549e-09
17.155,-8.1549e-09
17.16,-8.1549e-09
17.165,-8.1549e-09
17.17,-8.1549e-09
17.175,-8.1549e-09
17.18,-8.1549e-09
17.185,-8.1549e-09
17.19,-8.1549e-09
17.195,-8.1549e-09
17.2,-9.1743e-09
17.205,-9.1743e-09
17.21,-9.1743e-09
17.215,-9.1743e-09
17.22,-9.1743e-09
17.225,-9.1743e-09
17.23,-9.1743e-09
17.235,-9.1743e-09
17.24,-9.1743e-09
17.245,-9.1743e-09
17.25,-9.1743e-09
17.255,-9.1743e-09
17.26,-9.1743e-09
17.265,-9.1743e-09
17.27,-9.1743e-09
17.275,-9.1743e-09
17.28,-9.1743e-09
17.285,-9.1743e-09
17.29,-1.0194e-08
17.295,-1.0194e-08
17.3,-1.0194e-08
17.305,-1.0194e-08
17.31,-1.0194e-08
17.315,-1.0194e-08
17.32,-1.0194e-08
17.325,-1.0194e-08
17.33,-1.0194e-08
17.335,-1.0194e-08
17.34,-1.0194e-08
17.345,-1.0194e-08
17.35,-1.0194e-08
17.355,-1.0194e-08
17.36,-1.0194e-08
17.365,-1.0194e-08
17.37,-1.0194e-08
17.375,-1.1213e-08
17.38,-1.1213e-08
17.385,-1.1213e-08
17.39,-1.1213e-08
17.395,-1.1213e-08
17.4,-1.1213e-08
17.405,-1.1213e-08
17.41,-1.1213e-08
17.415,-1.1213e-08
17.42,-1.1213e-08
17.425,-1.1213e-08
17.43,-1.1213e-08
17.435,-1.1213e-08
17.44,-1.1213e-08
17.445,-1.1213e-08
17.45,-1.1213e-08
17.455,-1.2232e-08
17.46,-1.2232e-08
17.465,-1.2232e-08
17.47,-1.2232e-08
17.475,-1.2232e-08
17.48,-1.2232e-08
17.485,-1.2232e-08
17.49,-1.2232e-08
17.495,-1.2232e-08
17.5,-1.2232e-08
17.505,-1.2232e-08
17.51,-1.2232e-08
17.515,-1.2232e-08
17.52,-1.2232e-08
17.525,-1.2232e-08
17.53,-1.2232e-08
17.535,-1.3252e-08
17.54,-1.3252e-08
17.545,-1.3252e-08
17.55,-1.3252e-08
17.555,-1.3252e-08
17.56,-1.3252e-08
17.565,-1.3252e-08
17.57,-1.3252e-08
17.575,-1.3252e-08
17.58,-1.3252e-08
17.585,-1.3252e-08
17.59,-1.3252e-08
17.595,-1.3252e-08
17.6,-1.3252e-08
17.605,-1.3252e-08
17.61,-1.4271e-08
17.615,-1.4271e-08
17.62,-1.4271e-08
17.625,-1.4271e-08
17.63,-1.4271e-08
17.635,-1.4271e-08
17.64,-1.4271e-08
17.645,-1.4271e-08
17.65,-1.4271e-08
17.655,-1.4271e-08
17.66,-1.4271e-08
17.665,-1.4271e-08
17.67,-1.4271e-08
17.675,-1.4271e-08
17.68,-1.5291e-08
17.685,-1.5291e-08
17.69,-1.5291e-08
17.695,-1.5291e-08
17.7,-1.5291e-08
17.705,-1.5291e-08
17.71,-1.5291e-08
17.715,-1.5291e-08
17.72,-1.5291e-08
17.725,-1.5291e-08
17.73,-1.5291e-08
17.735,-1.5291e-08
17.74,-1.5291e-08
17.745,-1.5291e-08
17.75,-1.631e-08
17.755,-1.631e-08
17.76,-1.631e-08
17.765,-1.631e-08
17.77,-1.631e-08
17.775,-1.631e-08
17.78,-1.631e-08
17.785,-1.631e-08
17.79,-1.631e-08
17.795,-1.631e-08
17.8,-1.631e-08
17.805,-1.631e-08
17.81,-1.631e-08
17.815,-1.7329e-08
17.82,-1.7329e-08
17.825,-1.7329e-08
17.83,-1.7329e-08
17.835,-1.7329e-08
17.84,-1.7329e-08
17.845,-1.7329e-08
17.85,-1.7329e-08
17.855,-1.7329e-08
17.86,-1.7329e-08
17.865,-1.7329e-08
17.87,-1.7329e-08
17.875,-1.7329e-08
17.88,-1.8349e-08
17.885,-1.8349e-08
17.89,-1.8349e-08
17.895,-1.8349e-08
17.9,-1.8349e-08
17.905,-1.8349e-08
17.91,-1.8349e-08
17.915,-1.8349e-08
17.92,-1.8349e-08
17.925,-1.8349e-08
17.93,-1.8349e-08
17.935,-1.8349e-08
17.94,-1.8349e-08
17.945,-1.9368e-08
17.95,-1.9368e-08
17.955,-1.9368e-08
17.96,-1.9368e-08
17.965,-1.9368e-08
17.97,-1.9368e-08
17.975,-1.9368e-08
17.98,-1.9368e-08
17.985,-1.9368e-08
17.99,-1.9368e-08
17.995,-1.9368e-08
18,-1.9368e-08
18.005,-2.0387e-08
18.01,-2.0387e-08
18.015,-2.0387e-08
18.02,-2.0387e-08
18.025,-2.0387e-08
18.03,-2.0387e-08
18.035,-2.0387e-08
18.04,-2.0387e-08
18.045,-2.0387e-08
18.05,-2.0387e-08
18.055,-2.0387e-08
18.06,-2.0387e-08
18.065,-2.1407e-08
18.07,-2.1407e-08
18.075,-2.1407e-08
18.08,-2.1407e-08
18.085,-2.1407e-08
18.09,-2.1407e-08
18.095,-2.1407e-08
18.1,-2.1407e-08
18.105,-2.1407e-08
18.11,-2.1407e-08
18.115,-2.1407e-08
18.12,-2.1407e-08
18.125,-2.2426e-08
18.13,-2.2426e-08
18.135,-2.2426e-08
18.14,-2.2426e-08
18.145,-2.2426e-08
18.15,-2.2426e-08
18.155,-2.2426e-08
18.16,-2.2426e-08
18.165,-2.2426e-08
18.17,-2.2426e-08
18.175,-2.2426e-08
18.18,-2.3445e-08
18.185,-2.3445e-08
18.19,-2.3445e-08
18.195,-2.3445e-08
18.2,-2.3445e-08
18.205,-2.3445e-08
18.21,-2.3445e-08
18.215,-2.3445e-08
18.22,-2.3445e-08
18.225,-2.3445e-08
18.23,-2.3445e-08
18.235,-2.4465e-08
18.24,-2.4465e-08
18.245,-2.4465e-08
18.25,-2.4465e-08
18.255,-2.4465e-08
18.26,-2.4465e-08
18.265,-2.4465e-08
18.27,-2.4465e-08
18.275,-2.4465e-08
18.28,-2.4465e-08
18.285,-2.4465e-08
18.29,-2.5484e-08
18.295,-2.5484e-08
18.3,-2.5484e-08
18.305,-2.5484e-08
18.31,-2.5484e-08
18.315,-2.5484e-08
18.32,-2.5484e-08
18.325,-2.5484e-08
18.33,-2.5484e-08
18.335,-2.5484e-08
18.34,-2.5484e-08
18.345,-2.6504e-08
18.35,-2.6504e-08
18.355,-2.6504e-08
18.36,-2.6504e-08
18.365,-2.6504e-08
18.37,-2.6504e-08
18.375,-2.6504e-08
18.38,-2.6504e-08
18.385,-2.6504e-08
18.39,-2.6504e-08
18.395,-2.6504e-08
18.4,-2.7523e-08
18.405,-2.7523e-08
18.41,-2.7523e-08
18.415,-2.7523e-08
18.42,-2.7523e-08
18.425,-2.7523e-08
18.43,-2.7523e-08
18.435,-2.7523e-08
18.44,-2.7523e-08
18.445,-2.7523e-08
18.45,-2.8542e-08
18.455,-2.8542e-08
18.46,-2.8542e-08
18.465,-2.8542e-08
18.47,-2.8542e-08
18.475,-2.8542e-08
18.48,-2.8542e-08
18.485,-2.8542e-08
18.49,-2.8542e-08
18.495,-2.8542e-08
18.5,-2.9562e-08
18.505,-2.9562e-08
18.51,-2.9562e-08
18.515,-2.9562e-08
18.52,-2.9562e-08
18.525,-2.9562e-08
18.53,-2.9562e-08
18.535,-2.9562e-08
18.54,-2.9562e-08
18.545,-2.9562e-08
18.55,-3.0581e-08
18.555,-3.0581e-08
18.56,-3.0581e-08
18.565,-3.0581e-08
18.57,-3.0581e-08
18.575,-3.0581e-08
18.58,-3.0581e-08
18.585,-3.0581e-08
18.59,-3.0581e-08
18.595,-3.0581e-08
18.6,-3.16e-08
18.605,-3.16e-08
18.61,-3.16e-08
18.615,-3.16e-08
18.62,-3.16e-08
18.625,-3.16e-08
18.63,-3.16e-08
18.635,-3.16e-08
18.64,-3.16e-08
18.645,-3.16e-08
18.65,-3.262e-08
18.655,-3.262e-08
18.66,-3.262e-08
18.665,-3.262e-08
18.67,-3.262e-08
18.675,-3.262e-08
18.68,-3.262e-08
18.685,-3.262e-08
18.69,-3.262e-08
18.695,-3.3639e-08
18.7,-3.3639e-08
18.705,-3.3639e-08
18.71,-3.3639e-08
18.715,-3.3639e-08
18.72,-3.3639e-08
18.725,-3.3639e-08
18.73,-3.3639e-08
18.735,-3.3639e-08
18.74,-3.3639e-08
18.745,-3.4659e-08
18.75,-3.4659e-08
18.755,-3.4659e-08
18.76,-3.4659e-08
18.765,-3.4659e-08
18.77,-3.4659e-08
18.775,-3.4659e-08
18.78,-3.4659e-08
18.785,-3.4659e-08
18.79,-3.5678e-08
18.795,-3.5678e-08
18.8,-3.5678e-08
18.805,-3.5678e-08
18.81,-3.5678e-08
18.815,-3.5678e-08
18.82,-3.5678e-08
18.825,-3.5678e-08
18.83,-3.5678e-08
18.835,-3.6697e-08
18.84,-3.6697e-08
18.845,-3.6697e-08
18.85,-3.6697e-08
18.855,-3.6697e-08
18.86,-3.6697e-08
18.865,-3.6697e-08
18.87,-3.6697e-08
18.875,-3.6697e-08
18.88,-3.7717e-08
18.885,-3.7717e-08
18.89,-3.7717e-08
18.895,-3.7717e-08
18.9,-3.7717e-08
18.905,-3.7717e-08
18.91,-3.7717e-08
18.915,-3.7717e-08
18.92,-3.7717e-08
18.925,-3.8736e-08
18.93,-3.8736e-08
18.935,-3.8736e-08
18.94,-3.8736e-08
18.945,-3.8736e-08
18.95,-3.8736e-08
18.955,-3.8736e-08
18.96,-3.8736e-08
18.965,-3.8736e-08
18.97,-3.9755e-08
18.975,-3.9755e-08
18.98,-3.9755e-08
18.985,-3.9755e-08
18.99,-3.9755e-08
18.995,-3.9755e-08
19,-3.9755e-08
19.005,-3.9755e-08
19.01,-3.9755e-08
19.015,-4.0775e-08
19.02,-4.0775e-08
19.025,-4.0775e-08
19.03,-4.0775e-08
19.035,-4.0775e-08
19.04,-4.0775e-08
19.045,-4.0775e-08
19.05,-4.0775e-08
19.055,-4.0775e-08
19.06,-4.1794e-08
19.065,-4.1794e-08
19.07,-4.1794e-08
19.075,-4.1794e-08
19.08,-4.1794e-08
19.085,-4.1794e-08
19.09,-4.1794e-08
19.095,-4.1794e-08
19.1,-4.2813e-08
19.105,-4.2813e-08
19.11,-4.2813e-08
19.115,-4.2813e-08
19.12,-4.2813e-08
19.125,-4.2813e-08
19.13,-4.2813e-08
19.135,-4.2813e-08
19.14,-4.2813e-08
19.145,-4.3833e-08
19.15,-4.3833e-08
19.155,-4.3833e-08
19.16,-4.3833e-08
19.165,-4.3833e-08
19.17,-4.3833e-08
19.175,-4.3833e-08
19.18,-4.3833e-08
19.185,-4.4852e-08
19.19,-4.4852e-08
19.195,-4.4852e-08
19.2,-4.4852e-08
19.205,-4.4852e-08
19.21,-4.4852e-08
19.215,-4.4852e-08
19.22,-4.4852e-08
19.225,-4.4852e-08
19.23,-4.5872e-08
19.235,-4.5872e-08
19.24,-4.5872e-08
19.245,-4.5872e-08
19.25,-4.5872e-08
19.255,-4.5872e-08
19.26,-4.5872e-08
19.265,-4.5872e-08
19.27,-4.6891e-08
19.275,-4.6891e-08
19.28,-4.6891e-08
19.285,-4.6891e-08
19.29,-4.6891e-08
19.295,-4.6891e-08
19.3,-4.6891e-08
19.305,-4.6891e-08
19.31,-4.6891e-08
19.315,-4.791e-08
19.32,-4.791e-08
19.325,-4.791e-08
19.33,-4.791e-08
19.335,-4.791e-08
19.34,-4.791e-08
19.345,-4.791e-08
19.35,-4.791e-08
19.355,-4.893e-08
19.36,-4.893e-08
19.365,-4.893e-08
19.37,-4.893e-08
19.375,-4.893e-08
19.38,-4.893e-08
19.385,-4.893e-08
19.39,-4.893e-08
19.395,-4.9949e-08
19.4,-4.9949e-08
19.405,-4.9949e-08
19.41,-4.9949e-08
19.415,-4.9949e-08
19.42,-4.9949e-08
19.425,-4.9949e-08
19.43,-4.9949e-08
19.435,-4.9949e-08
19.44,-5.0968e-08
19.445,-5.0968e-08
19.45,-5.0968e-08
19.455,-5.0968e-08
19.46,-5.0968e-08
19.465,-5.0968e-08
19.47,-5.0968e-08
19.475,-5.0968e-08
19.48,-5.1988e-08
19.485,-5.1988e-08
19.49,-5.1988e-08
19.495,-5.1988e-08
19.5,-5.1988e-08
19.505,-5.1988e-08
19.51,-5.1988e-08
19.515,-5.1988e-08
19.52,-5.3007e-08
19.525,-5.3007e-08
19.53,-5.3007e-08
19.535,-5.3007e-08
19.54,-5.3007e-08
19.545,-5.3007e-08
19.55,-5.3007e-08
19.555,-5.3007e-08
19.56,-5.4027e-08
19.565,-5.4027e-08
19.57,-5.4027e-08
19.575,-5.4027e-08
19.58,-5.4027e-08
19.585,-5.4027e-08
19.59,-5.4027e-08
19.595,-5.4027e-08
19.6,-5.5046e-08
19.605,-5.5046e-08
19.61,-5.5046e-08
19.615,-5.5046e-08
19.62,-5.5046e-08
19.625,-5.5046e-08
19.63,-5.5046e-08
19.635,-5.5046e-08
19.64,-5.6065e-08
19.645,-5.6065e-08
19.65,-5.6065e-08
19.655,-5.6065e-08
19.66,-5.6065e-08
19.665,-5.6065e-08
19.67,-5.6065e-08
19.675,-5.6065e-08
19.68,-5.6065e-08
19.685,-5.7085e-08
19.69,-5.7085e-08
19.695,-5.7085e-08
19.7,-5.7085e-08
19.705,-5.7085e-08
19.71,-5.7085e-08
19.715,-5.7085e-08
19.72,-5.7085e-08
19.725,-5.8104e-08
19.73,-5.8104e-08
19.735,-5.8104e-08
19.74,-5.8104e-08
19.745,-5.8104e-08
19.75,-5.8104e-08
19.755,-5.8104e-08
19.76,-5.8104e-08
19.765,-5.9123e-08
19.77,-5.9123e-08
19.775,-5.9123e-08
19.78,-5.9123e-08
19.785,-5.9123e-08
19.79,-5.9123e-08
19.795,-5.9123e-08
19.8,-5.9123e-08
19.805,-6.0143e-08
19.81,-6.0143e-08
19.815,-6.0143e-08
19.82,-6.0143e-08
19.825,-6.0143e-08
19.83,-6.0143e-08
19.835,-6.0143e-08
19.84,-6.0143e-08
19.845,-6.1162e-08
19.85,-6.1162e-08
19.855,-6.1162e-08
19.86,-6.1162e-08
19.865,-6.1162e-08
19.87,-6.1162e-08
19.875,-6.1162e-08
19.88,-6.1162e-08
19.885,-6.2181e-08
19.89,-6.2181e-08
19.895,-6.2181e-08
19.9,-6.2181e-08
19.905,-6.2181e-08
19.91,-6.2181e-08
19.915,-6.2181e-08
19.92,-6.2181e-08
19.925,-6.2181e-08
19.93,-6.3201e-08
19.935,-6.3201e-08
19.94,-6.3201e-08
19.945,-6.3201e-08
19.95,-6.3201e-08
19.955,-6.3201e-08
19.96,-6.3201e-08
19.965,-6.3201e-08
19.97,-6.422e-08
19.975,-6.422e-08
19.98,-6.422e-08
19.985,-6.422e-08
19.99,-6.422e-08
19.995,-6.422e-08
20,-6.422e-08
20.005,-6.6259e-08
20.01,-6.3201e-08
20.015,-6.2181e-08
20.02,-7.0336e-08
20.025,-7.0336e-08
20.03,-5.8104e-08
20.035,-4.893e-08
20.04,-7.1356e-08
20.045,-8.9704e-08
20.05,-5.1988e-08
20.055,-4.2813e-08
20.06,-8.5627e-08
20.065,-8.3588e-08
20.07,-4.893e-08
20.075,-1.5291e-08
20.08,-5.5046e-08
20.085,-1.4169e-07
20.09,-6.6259e-08
20.095,2.0387e-08
20.1,-8.9704e-08
20.105,-1.264e-07
20.11,1.7329e-08
20.115,6.2181e-08
20.12,-1.0398e-07
20.125,-2.1611e-07
20.13,-7.2375e-08
20.135,1.4169e-07
20.14,3.0581e-09
20.145,-3.476e-07
20.15,-3.0581e-09
20.155,3.945e-07
20.16,-2.9766e-07
20.165,-5.9225e-07
20.17,2.5484e-07
20.175,4.9643e-07
20.18,-2.8746e-07
20.185,-6.1162e-07
20.19,4.5872e-08
20.195,2.8338e-07
20.2,-4.1284e-07
20.205,-6.0652e-07
20.21,3.211e-07
20.215,1.0153e-06
20.22,3.5678e-08
20.225,-1.2885e-06
20.23,-4.0367e-07
20.235,8.8685e-07
20.24,-4.7503e-07
20.245,-1.3078e-06
20.25,8.318e-07
20.255,1.4985e-06
20.26,-3.792e-07
20.265,-7.3191e-07
20.27,2.8236e-07
20.275,3.578e-07
20.28,-3.2416e-07
20.285,-1.315e-06
20.29,-4.7604e-07
20.295,1.8012e-06
20.3,1.1213e-07
20.305,-2.2202e-06
20.31,6.106e-07
20.315,2.1498e-06
20.32,-9.7554e-07
20.325,-2.2538e-06
20.33,-1.213e-07
20.335,1.3629e-06
20.34,5.423e-07
20.345,-1.2314e-06
20.35,-3.7003e-07
20.355,1.9195e-06
20.36,-9.3782e-08
20.365,-2.6249e-06
20.37,-6.6055e-07
20.375,1.4883e-06
20.38,4.6177e-07
20.385,-1.6646e-06
20.39,-3.1397e-07
20.395,2.4924e-06
20.4,1.5189e-07
20.405,-3.3435e-06
20.41,-7.686e-07
20.415,3.0245e-06
20.42,4.261e-07
20.425,-3.2844e-06
20.43,-7.6147e-07
20.435,2.8777e-06
20.44,7.3394e-07
20.445,-2.8736e-06
20.45,-7.9307e-07
20.455,1.8084e-06
20.46,-2.6707e-07
20.465,-2.0907e-06
20.47,-9.6636e-07
20.475,2.0856e-06
20.48,1.4781e-06
20.485,-3.318e-06
20.49,-2.0031e-06
20.495,2.6024e-06
20.5,1.0714e-06
20.505,-2.633e-06
20.51,-1.999e-06
20.515,2.8389e-06
20.52,2.9205e-06
20.525,-3.1641e-06
20.53,-2.2171e-06
20.535,2.5821e-06
20.54,7.9918e-07
20.545,-2.2283e-06
20.55,-2.0153e-06
20.555,1.6239e-06
20.56,2.8461e-06
20.565,-2.1366e-06
20.57,-2.1723e-06
20.575,2.8175e-06
20.58,1.5066e-06
20.585,-3.0632e-06
20.59,-2.265e-06
20.595,2.3598e-06
20.6,2.9062e-06
20.605,-2.0499e-06
20.61,-2.581e-06
20.615,4.1621e-06
20.62,2.4546e-06
20.625,-5.8379e-06
20.63,-1.3639e-06
20.635,4.3231e-06
20.64,-4.0571e-07
20.645,-1.8818e-06
20.65,-5.9123e-08
20.655,9.5923e-07
20.66,1.9623e-06
20.665,-8.8583e-07
20.67,-1.1621e-06
20.675,3.7757e-06
20.68,2.422e-06
20.685,-3.6024e-06
20.69,-1.0693e-06
20.695,3.8991e-06
20.7,4.9745e-07
20.705,-1.4975e-06
20.71,1.6799e-06
20.715,2.1723e-06
20.72,-4.8318e-07
20.725,-2.2365e-06
20.73,5.9633e-07
20.735,2.3965e-06
20.74,-1.9755e-06
20.745,-3.2446e-06
20.75,1.3976e-06
20.755,2.7666e-06
20.76,4.3833e-08
20.765,-2.419e-06
20.77,-1.1101e-06
20.775,4.1927e-06
20.78,1.6463e-06
20.785,-4.2355e-06
20.79,1.001e-06
20.795,4.8848e-06
20.8,1.3456e-07
20.805,-3.1662e-06
20.81,5.0968e-07
20.815,4.7441e-06
20.82,-1.0418e-06
20.825,-6.16e-06
20.83,-6.8298e-07
20.835,3.9674e-06
20.84,-1.9368e-07
20.845,-4.5719e-06
20.85,2.2803e-06
20.855,7.7013e-06
20.86,-7.3191e-07
20.865,-6.3293e-06
20.87,-8.9399e-07
20.875,2.1325e-06
20.88,-2.0245e-06
20.885,-2.1998e-06
20.89,4.8593e-06
20.895,5.2569e-06
20.9,-3.526e-06
20.905,-4.736e-06
20.91,4.7227e-06
20.915,6.5688e-06
20.92,-4.3466e-06
20.925,-8.1529e-06
20.93,4.1254e-06
20.935,8.527e-06
20.94,-4.0805e-06
20.945,-6.212e-06
20.95,2.6137e-06
20.955,4.3853e-06
20.96,-9.419e-07
20.965,-9.7309e-06
20.97,-6.789e-07
20.975,1.435e-05
20.98,5.2905e-07
20.985,-8.5923e-06
20.99,5.104e-06
20.995,7.577e-06
21,-4.4526e-06
21.005,-1.1688e-05
21.01,-1.4475e-07
21.015,1.165e-05
21.02,2.3751e-07
21.025,-8.581e-06
21.03,1.5586e-06
21.035,1.0201e-05
21.04,1.9164e-07
21.045,-1.3821e-05
21.05,2.528e-07
21.055,1.5243e-05
21.06,-2.7625e-06
21.065,-1.1894e-05
21.07,4.7197e-06
21.075,1.0384e-05
21.08,-2.4373e-06
21.085,-1.2239e-05
21.09,-1.3109e-06
21.095,1.1631e-05
21.1,1.9266e-07
21.105,-8.7747e-06
21.11,2.9021e-06
21.115,9.8542e-06
21.12,-1.4913e-06
21.125,-1.4023e-05
21.13,-2.2304e-06
21.135,1.1516e-05
21.14,-8.8277e-07
21.145,-1.0867e-05
21.15,8.3078e-07
21.155,1.455e-05
21.16,2.3293e-06
21.165,-1.4517e-05
21.17,2.1753e-06
21.175,1.3023e-05
21.18,-2.8298e-06
21.185,-8.6351e-06
21.19,-2.1509e-07
21.195,8.9164e-06
21.2,3.2722e-06
21.205,-1.2881e-05
21.21,-5.2396e-06
21.215,1.4718e-05
21.22,3.1825e-06
21.225,-1.4485e-05
21.23,1.842e-06
21.235,1.1031e-05
21.24,-3.5066e-06
21.245,-6.9674e-06
21.25,-2.2018e-06
21.255,5.0775e-06
21.26,4.3078e-06
21.265,-1.0399e-05
21.27,-4.9409e-06
21.275,1.3262e-05
21.28,5.0449e-06
21.285,-1.159e-05
21.29,-3.3945e-06
21.295,9.3058e-06
21.3,4.0479e-06
21.305,-4.633e-06
21.31,-5.4506e-06
21.315,5.7207e-06
21.32,8.7085e-06
21.325,-1.0348e-05
21.33,-7.6779e-06
21.335,1.453e-05
21.34,5.0683e-06
21.345,-1.465e-05
21.35,-2.9042e-06
21.355,1.2039e-05
21.36,7.6555e-07
21.365,-9.5301e-06
21.37,-2.6422e-06
21.375,9.1927e-06
21.38,7.0938e-06
21.385,-1.1416e-05
21.39,-4.4281e-06
21.395,1.3997e-05
21.4,-8.2569e-07
21.405,-1.0118e-05
21.41,1.2151e-06
21.415,6.9694e-06
21.42,4.5525e-06
21.425,-7.7839e-06
21.43,-5.1478e-06
21.435,9.3547e-06
21.44,-1.4913e-06
21.445,-1.2351e-05
21.45,-2.2334e-06
21.455,4.8155e-06
21.46,1.0112e-06
21.465,-3.9704e-06
21.47,8.9602e-07
21.475,8.6942e-06
21.48,3.213e-06
21.485,-7.2773e-06
21.49,-3.4893e-06
21.495,3.9908e-06
21.5,-3.0285e-06
21.505,-6.4832e-06
21.51,1.9908e-06
21.515,8.055e-06
21.52,6.8899e-06
21.525,-3.6636e-06
21.53,-5.2436e-06
21.535,5.9388e-06
21.54,4.0265e-07
21.545,-8.6463e-06
21.55,2.2936e-07
21.555,7.84e-06
21.56,5.3211e-06
21.565,-4.3955e-06
21.57,-7.7737e-06
21.575,3.6871e-06
21.58,4.4444e-07
21.585,-1.165e-05
21.59,1.7757e-06
21.595,1.3286e-05
21.6,-6.7584e-07
21.605,-7.2548e-06
21.61,2.0887e-06
21.615,3.0245e-06
21.62,-5.3547e-06
21.625,-6.8665e-06
21.63,5.104e-06
21.635,1.1389e-05
21.64,-8.7768e-07
21.645,-7.1794e-06
21.65,1.8155e-06
21.655,9.0499e-06
21.66,4.0775e-07
21.665,-1.2327e-05
21.67,-5.6371e-07
21.675,1.1853e-05
21.68,-4.577e-07
21.685,-7.3333e-06
21.69,8.634e-07
21.695,6.262e-06
21.7,1.0489e-06
21.705,-6.0204e-06
21.71,-3.2824e-07
21.715,4.945e-06
21.72,-4.0234e-06
21.725,-4.6483e-06
21.73,8.159e-06
21.735,6.6035e-06
21.74,-4.5403e-06
21.745,-5.4597e-06
21.75,1.8695e-06
21.755,9.7574e-06
21.76,-9.8879e-08
21.765,-1.3565e-05
21.77,3.2508e-06
21.775,1.3731e-05
21.78,-5.5505e-06
21.785,-9.738e-06
21.79,2.8369e-06
21.795,8.7564e-06
21.8,2.4975e-06
21.805,-1.161e-05
21.81,-2.0887e-06
21.815,1.2839e-05
21.82,-4.1386e-07
21.825,-8.6595e-06
21.83,7.686e-07
21.835,6.0999e-06
21.84,-8.3588e-07
21.845,-6.4995e-06
21.85,2.7238e-06
21.855,8.7859e-06
21.86,-1.1244e-06
21.865,-9.787e-06
21.87,1.9011e-06
21.875,1.1529e-05
21.88,-5.9174e-06
21.885,-1.4359e-05
21.89,3.9286e-06
21.895,1.461e-05
21.9,-6.9317e-08
21.905,-1.5043e-05
21.91,3.6901e-07
21.915,1.4745e-05
21.92,-1.7197e-06
21.925,-1.2469e-05
21.93,-1.213e-07
21.935,1.2873e-05
21.94,4.5586e-06
21.945,-1.186e-05
21.95,-1.6616e-06
21.955,1.2374e-05
21.96,-1.209e-06
21.965,-1.2519e-05
21.97,4.2508e-07
21.975,1.1219e-05
21.98,1.3965e-07
21.985,-9.8236e-06
21.99,2.3894e-06
21.995,1.2277e-05
22,-2.0275e-06
22.005,-1.2526e-05
22.01,4.0877e-07
22.015,1.1555e-05
22.02,4.6177e-07
22.025,-1.1451e-05
22.03,1.9694e-06
22.035,1.3369e-05
22.04,-9.2762e-08
22.045,-1.0887e-05
22.05,-2.8084e-06
22.055,8.3394e-06
22.06,2.7554e-06
22.065,-8.476e-06
22.07,-3.9032e-06
22.075,8.8277e-06
22.08,7.6279e-06
22.085,-8.8858e-06
22.09,-4.9633e-06
22.095,1.381e-05
22.1,2.629e-06
22.105,-1.514e-05
22.11,-2.8186e-06
22.115,1.2858e-05
22.12,2.6687e-06
22.125,-1.0228e-05
22.13,-6.1264e-07
22.135,9.8033e-06
22.14,1.63e-06
22.145,-1.0142e-05
22.15,-3.1967e-06
22.155,9.5087e-06
22.16,4.3629e-07
22.165,-8.0724e-06
22.17,3.0061e-06
22.175,7.8359e-06
22.18,-2.1764e-06
22.185,-9.3996e-06
22.19,-4.7309e-06
22.195,4.2273e-06
22.2,4.2752e-06
22.205,-4.2681e-06
22.21,-4.4363e-06
22.215,4.6381e-06
22.22,3.4424e-06
22.225,-5.5464e-06
22.23,-2.9725e-06
22.235,7.5861e-06
22.24,3.9164e-06
22.245,-7.0285e-06
22.25,1.2538e-06
22.255,1.1657e-05
22.26,5.6473e-07
22.265,-9.2355e-06
22.27,-1.8858e-06
22.275,6.0092e-06
22.28,1.3925e-06
22.285,-7.3303e-06
22.29,-1.3639e-06
22.295,9.7727e-06
22.3,1.7044e-06
22.305,-8.5688e-06
22.31,1.0795e-06
22.315,7.9501e-06
22.32,-4.0805e-06
22.325,-8.8451e-06
22.33,3.4526e-06
22.335,9.3405e-06
22.34,8.104e-07
22.345,-7.7971e-06
22.35,9.2762e-08
22.355,8.4924e-06
22.36,-2.4944e-06
22.365,-7.5637e-06
22.37,4.2813e-07
22.375,5.8155e-06
22.38,3.156e-06
22.385,-7.9103e-06
22.39,-9.5311e-07
22.395,1.1693e-05
22.4,-1.948e-06
22.405,-7.3884e-06
22.41,3.316e-06
22.415,5.5821e-06
22.42,3.001e-06
22.425,-4.6656e-06
22.43,-3.3456e-06
22.435,8.7706e-06
22.44,9.8267e-07
22.445,-1.346e-05
22.45,-7.105e-07
22.455,1.2122e-05
22.46,-2.1437e-06
22.465,-8.4964e-06
22.47,4.4832e-06
22.475,8.947e-06
22.48,-1.6249e-06
22.485,-1.0521e-05
22.49,1.5291e-06
22.495,1.1635e-05
22.5,-4.4343e-07
22.505,-7.736e-06
22.51,-2.6942e-06
22.515,6.1264e-06
22.52,5.5352e-06
22.525,-8.3221e-06
22.53,-2.948e-06
22.535,1.1487e-05
22.54,1.6269e-06
22.545,-6.9307e-06
22.55,2.7931e-06
22.555,8.0204e-06
22.56,5.3007e-08
22.565,-9.2375e-06
22.57,-3.1019e-06
22.575,1.124e-05
22.58,2.2497e-06
22.585,-1.5119e-05
22.59,-1.3945e-06
22.595,1.3281e-05
22.6,-1.2518e-06
22.605,-1.0475e-05
22.61,-1.2538e-07
22.615,8.1142e-06
22.62,1.2008e-06
22.625,-9.6422e-06
22.63,-3.0601e-06
22.635,9.9572e-06
22.64,3.7095e-06
22.645,-1.2326e-05
22.65,-6.2997e-06
22.655,1.336e-05
22.66,6.5015e-06
22.665,-1.4225e-05
22.67,-3.9592e-06
22.675,1.6782e-05
22.68,2.4811e-06
22.685,-1.3905e-05
22.69,1.7533e-06
22.695,1.1766e-05
22.7,-6.422e-08
22.705,-8.9032e-06
22.71,-2.0449e-06
22.715,8.0357e-06
22.72,1.4699e-06
22.725,-1.1305e-05
22.73,-4.1855e-06
22.735,1.4588e-05
22.74,8.0663e-06
22.745,-1.2627e-05
22.75,-3.9786e-06
22.755,1.0624e-05
22.76,-9.5107e-07
22.765,-1.2093e-05
22.77,-2.3884e-06
22.775,9.6483e-06
22.78,3.3282e-06
22.785,-7.369e-06
22.79,-3.1947e-06
22.795,7.6228e-06
22.8,4.5525e-06
22.805,-1.0642e-05
22.81,-3.7309e-06
22.815,1.2581e-05
22.82,-2.4975e-07
22.825,-1.1339e-05
22.83,1.7788e-06
22.835,7.8328e-06
22.84,-2.0408e-06
22.845,-8.5464e-06
22.85,4.4037e-07
22.855,1.269e-05
22.86,4.5291e-06
22.865,-1.1173e-05
22.87,-4.3792e-06
22.875,1.1807e-05
22.88,5.789e-06
22.885,-1.1359e-05
22.89,-3.1009e-06
22.895,1.1765e-05
22.9,-2.6809e-07
22.905,-1.0894e-05
22.91,-7.7166e-07
22.915,1.0724e-05
22.92,3.632e-06
22.925,-1.0535e-05
22.93,-1.2294e-06
22.935,9.7676e-06
22.94,-8.0428e-07
22.945,-7.1162e-06
22.95,2.6412e-06
22.955,9.4271e-06
22.96,1.7706e-06
22.965,-3.3629e-06
22.97,2.3313e-06
22.975,5.5178e-06
22.98,-2.5719e-06
22.985,-9.6697e-06
22.99,2.4801e-06
22.995,1.0122e-05
23,2.5994e-07
23.005,-3.9297e-06
23.01,-1.421e-06
23.015,5.1529e-06
23.02,2.946e-06
23.025,-9.5464e-06
23.03,-1.6555e-06
23.035,1.0537e-05
23.04,1.2681e-06
23.045,-6.6524e-06
23.05,-6.5138e-07
23.055,5.9021e-06
23.06,2.9918e-06
23.065,-5.2742e-06
23.07,-3.3119e-06
23.075,7.9113e-06
23.08,4.4893e-06
23.085,-1.0188e-05
23.09,-3.6677e-06
23.095,1.2623e-05
23.1,1.6514e-07
23.105,-1.4515e-05
23.11,2.8267e-06
23.115,1.1694e-05
23.12,-4.2171e-06
23.125,-9.3344e-06
23.13,-8.7462e-07
23.135,6.2141e-06
23.14,3.4709e-06
23.145,-6.6014e-06
23.15,-2.7757e-06
23.155,9.2762e-06
23.16,2.9878e-06
23.165,-9.265e-06
23.17,-1.4577e-06
23.175,9.736e-06
23.18,1.159e-06
23.185,-8.4913e-06
23.19,-1.4903e-06
23.195,8.7441e-06
23.2,2.7452e-06
23.205,-1.2021e-05
23.21,-2.3262e-06
23.215,1.2505e-05
23.22,-2.9796e-06
23.225,-1.0529e-05
23.23,4.3639e-06
23.235,8.0112e-06
23.24,-2.5127e-06
23.245,-1.2461e-05
23.25,-1.1437e-06
23.255,1.3123e-05
23.26,-4.2712e-06
23.265,-1.1958e-05
23.27,6.5882e-06
23.275,7.9174e-06
23.28,-2.4281e-06
23.285,-4.5851e-06
23.29,4.4546e-07
23.295,5.0285e-06
23.3,-6.524e-08
23.305,-4.3517e-06
23.31,-2.7768e-06
23.315,2.3751e-06
23.32,4.5168e-06
23.325,-5.0326e-06
23.33,-4.9929e-06
23.335,7.6677e-06
23.34,2.1529e-06
23.345,-1.1485e-05
23.35,-3.2824e-07
23.355,1.517e-05
23.36,8.2059e-07
23.365,-1.6168e-05
23.37,-2.7003e-06
23.375,1.3578e-05
23.38,1.104e-06
23.385,-1.3391e-05
23.39,6.6055e-07
23.395,1.433e-05
23.4,1.0449e-06
23.405,-1.1405e-05
23.41,-1.8124e-06
23.415,8.4118e-06
23.42,8.002e-07
23.425,-8.578e-06
23.43,-1.368e-06
23.435,8.8603e-06
23.44,2.6881e-06
23.445,-1.036e-05
23.45,-5.5148e-06
23.455,1.1509e-05
23.46,3.893e-06
23.465,-1.4194e-05
23.47,-8.9602e-07
23.475,1.2093e-05
23.48,-1.7798e-06
23.485,-9.3068e-06
23.49,-1.6228e-06
23.495,6.6228e-06
23.5,3.4363e-06
23.505,-8.0856e-06
23.51,-2.7747e-06
23.515,8.7064e-06
23.52,4.1081e-07
23.525,-9.0153e-06
23.53,-3.5872e-06
23.535,5.6585e-06
23.54,5.8277e-06
23.545,-5.9001e-06
23.55,-6.0591e-06
23.555,1.1554e-05
23.56,6.9551e-06
23.565,-1.6478e-05
23.57,-5.8991e-06
23.575,1.729e-05
23.58,1.2416e-06
23.585,-1.6159e-05
23.59,-9.9898e-08
23.595,1.2005e-05
23.6,-3.7615e-07
23.605,-1.0706e-05
23.61,1.7125e-06
23.615,1.1854e-05
23.62,-5.0459e-07
23.625,-9.8583e-06
23.63,-1.4873e-06
23.635,9.3048e-06
23.64,2.4312e-06
23.645,-1.1165e-05
23.65,2.3853e-07
23.655,1.2915e-05
23.66,4.2202e-07
23.665,-7.9286e-06
23.67,-2.9541e-06
23.675,3.8869e-06
23.68,1.0459e-06
23.685,-1.0523e-05
23.69,-3.9959e-07
23.695,1.1113e-05
23.7,-2.8349e-06
23.705,-7.3894e-06
23.71,1.3741e-06
23.715,3.7452e-06
23.72,7.2477e-07
23.725,-5.5005e-06
23.73,-3.5158e-06
23.735,7.9878e-06
23.74,4.4618e-06
23.745,-1.2461e-05
23.75,-5.0133e-06
23.755,1.1771e-05
23.76,2.63e-07
23.765,-1.0094e-05
23.77,7.6045e-07
23.775,7.9062e-06
23.78,-8.5423e-07
23.785,-1.0322e-05
23.79,2.0183e-07
23.795,1.0062e-05
23.8,-3.1213e-06
23.805,-8.105e-06
23.81,4.7187e-06
23.815,6.0642e-06
23.82,-3.6035e-06
23.825,-6.7054e-06
23.83,2.6371e-06
23.835,8.8298e-06
23.84,-2.5178e-06
23.845,-6.6524e-06
23.85,4.7023e-06
23.855,7.5107e-06
23.86,-2.0642e-06
23.865,-9.3833e-06
23.87,-8.1244e-07
23.875,8.3741e-06
23.88,-4.1488e-07
23.885,-7.5729e-06
23.89,2.3445e-08
23.895,5.8012e-06
23.9,-3.2365e-06
23.905,-9.0367e-06
23.91,4.318e-06
23.915,1.1099e-05
23.92,-1.8022e-06
23.925,-9.0999e-06
23.93,7.8797e-07
23.935,8.7278e-06
23.94,1.4353e-06
23.945,-8.686e-06
23.95,-4.7095e-06
23.955,8.7574e-06
23.96,2.5321e-06
23.965,-1.2358e-05
23.97,9.7655e-07
23.975,1.181e-05
23.98,-2.5505e-06
23.985,-8.8869e-06
23.99,1.4842e-06
23.995,1.0745e-05
24,1.4771e-06
24.005,-1.3207e-05
24.01,-2.3089e-06
24.015,1.1896e-05
24.02,-1.1672e-06
24.025,-1.2345e-05
24.03,2.8705e-06
24.035,1.4556e-05
24.04,9.3374e-07
24.045,-9.0948e-06
24.05,4.2304e-07
24.055,7.5841e-06
24.06,3.2314e-07
24.065,-1.0728e-05
24.07,-1.7961e-06
24.075,1.1018e-05
24.08,-2.7696e-06
24.085,-1.0855e-05
24.09,8.6239e-07
24.095,9.2538e-06
24.1,6.7309e-06
24.105,-7.8308e-06
24.11,-5.7798e-06
24.115,1.2628e-05
24.12,2.8033e-06
24.125,-1.382e-05
24.13,-2.16e-06
24.135,9.6381e-06
24.14,2.3833e-06
24.145,-9.419e-06
24.15,-3.1468e-06
24.155,1.3743e-05
24.16,2.5005e-06
24.165,-1.5189e-05
24.17,-6.3303e-07
24.175,1.2429e-05
24.18,1.3354e-07
24.185,-1.1886e-05
24.19,-3.3527e-06
24.195,1.2278e-05
24.2,5.107e-06
24.205,-1.1169e-05
24.21,-2.1131e-06
24.215,1.289e-05
24.22,4.4057e-06
24.225,-8.526e-06
24.23,-4.1794e-07
24.235,1.2275e-05
24.24,4.7982e-06
24.245,-9.4322e-06
24.25,-6.6014e-06
24.255,8.7931e-06
24.26,8.0173e-06
24.265,-1.002e-05
24.27,-9.0846e-06
24.275,9.0581e-06
24.28,7.1233e-06
24.285,-1.2924e-05
24.29,-7.5107e-06
24.295,1.5778e-05
24.3,3.9735e-06
24.305,-1.4487e-05
24.31,4.0775e-07
24.315,1.0095e-05
24.32,-1.9796e-06
24.325,-1.0708e-05
24.33,-2.0591e-06
24.335,1.0019e-05
24.34,3.1437e-06
24.345,-7.8634e-06
24.35,-2.2294e-06
24.355,7.2508e-06
24.36,5.896e-06
24.365,-2.844e-06
24.37,-3.8369e-06
24.375,6.8349e-06
24.38,5.9072e-06
24.385,-7.2467e-06
24.39,-3.6279e-06
24.395,7.5831e-06
24.4,2.2171e-06
24.405,-7.0887e-06
24.41,-1.8451e-06
24.415,9.5556e-06
24.42,3.2273e-06
24.425,-1.1887e-05
24.43,-2.8002e-06
24.435,1.1173e-05
24.44,6.0347e-07
24.445,-7.2824e-06
24.45,2.842e-06
24.455,7.0734e-06
24.46,1.5199e-06
24.465,-4.1081e-07
24.47,-1.5189e-07
24.475,2.7757e-06
24.48,1.5127e-06
24.485,-9.1142e-06
24.49,-4.6575e-06
24.495,4.8318e-06
24.5,-3.2712e-06
24.505,-7.0714e-06
24.51,1.7176e-06
24.515,6.9562e-06
24.52,-1.4067e-07
24.525,-3.9215e-06
24.53,2.7401e-06
24.535,3.2477e-06
24.54,-3.0581e-08
24.545,-4.5678e-06
24.55,-1.894e-06
24.555,9.0663e-06
24.56,1.8359e-06
24.565,-8.6432e-06
24.57,3.1397e-07
24.575,6.0041e-06
24.58,-3.2314e-06
24.585,-8.6483e-06
24.59,2.3445e-07
24.595,8.3252e-06
24.6,2.2457e-06
24.605,-7.5219e-06
24.61,-2.9531e-06
24.615,8.7737e-06
24.62,5.4027e-07
24.625,-1.3305e-05
24.63,1.4139e-06
24.635,1.4956e-05
24.64,8.2263e-07
24.645,-7.6137e-06
24.65,8.5831e-07
24.655,8.5933e-06
24.66,2.3313e-06
24.665,-1.2104e-05
24.67,-4.2467e-06
24.675,1.1301e-05
24.68,-3.0968e-06
24.685,-1.473e-05
24.69,3.3751e-06
24.695,9.8298e-06
24.7,-4.3914e-06
24.705,-7.5545e-06
24.71,8.2161e-07
24.715,7.5647e-06
24.72,4.5607e-06
24.725,-5.9704e-06
24.73,-1.8481e-06
24.735,1.2278e-05
24.74,9.0826e-07
24.745,-1.6133e-05
24.75,6.9317e-07
24.755,1.2883e-05
24.76,-5.2701e-06
24.765,-1.3266e-05
24.77,1.5902e-07
24.775,9.2926e-06
24.78,-1.1081e-06
24.785,-1.1151e-05
24.79,4.37e-06
24.795,1.5552e-05
24.8,-1.5056e-06
24.805,-1.0917e-05
24.81,3.63e-06
24.815,1.1547e-05
24.82,-1.6504e-06
24.825,-1.2008e-05
24.83,-7.6758e-07
24.835,1.2069e-05
24.84,2.1448e-06
24.845,-1.2861e-05
24.85,-3.423e-06
24.855,1.1766e-05
24.86,1.0418e-06
24.865,-1.373e-05
24.87,-2.5596e-06
24.875,9.7768e-06
24.88,-1.9888e-06
24.885,-9.4465e-06
24.89,3.736e-06
24.895,1.1232e-05
24.9,3.5953e-06
24.905,-7.1651e-06
24.91,-5.3925e-06
24.915,9.3558e-06
24.92,6.7125e-06
24.925,-1.1117e-05
24.93,-4.7258e-06
24.935,1.4261e-05
24.94,5.4679e-06
24.945,-1.4056e-05
24.95,-9.2752e-06
24.955,4.9623e-06
24.96,5.7288e-07
24.965,-1.2511e-05
24.97,-2.4434e-06
24.975,1.7245e-05
24.98,7.4934e-06
24.985,-1.1441e-05
24.99,-3.7431e-06
24.995,1.3993e-05
25,6.4567e-06
25.005,-1.1628e-05
25.01,-1.1835e-06
25.015,1.1246e-05
25.02,-1.4964e-06
25.025,-1.0954e-05
25.03,-3.2579e-06
25.035,1.1645e-05
25.04,6.8033e-06
25.045,-1.2887e-05
25.05,-3.3935e-06
25.055,1.0062e-05
25.06,-2.4047e-06
25.065,-6.9195e-06
25.07,-5.4944e-07
25.075,4.9021e-06
25.08,8.3129e-06
25.085,-2.8654e-06
25.09,-8.2069e-06
25.095,5.3833e-06
25.1,4.1651e-06
25.105,-1.1113e-05
25.11,-4.1733e-06
25.115,1.1623e-05
25.12,3.0163e-06
25.125,-8.7462e-06
25.13,-3.4495e-06
25.135,3.6575e-06
25.14,3.0061e-06
25.145,-8.3812e-06
25.15,-9.4047e-06
25.155,9.4292e-06
25.16,9.5382e-06
25.165,-7.6259e-06
25.17,-3.2813e-06
25.175,8.7319e-06
25.18,5.525e-07
25.185,-7.3191e-06
25.19,3.1193e-07
25.195,6.4781e-06
25.2,5.4852e-06
25.205,-2.4883e-06
25.21,-9.1621e-06
25.215,6.524e-08
25.22,4.2783e-06
25.225,-6.8257e-06
25.23,-3.998e-06
25.235,8.2385e-06
25.24,5.4159e-06
25.245,-3.6361e-06
25.25,-2.1529e-06
25.255,6.7808e-06
25.26,2.9001e-06
25.265,-9.156e-06
25.27,-4.1274e-06
25.275,4.9562e-06
25.28,6.6157e-07
25.285,-5.0591e-06
25.29,-4.4149e-06
25.295,1.7227e-06
25.3,3.371e-06
25.305,-2.1162e-06
25.31,-6.4934e-07
25.315,2.1437e-06
25.32,8.0428e-07
25.325,9.4801e-08
25.33,-1.8124e-06
25.335,3.8451e-06
25.34,2.6126e-06
25.345,-9.5291e-06
25.35,-1.9847e-06
25.355,5.6422e-06
25.36,-3.5657e-06
25.365,-8.7452e-06
25.37,-3.8308e-06
25.375,8.1131e-06
25.38,3.7819e-06
25.385,-8.4873e-06
25.39,-5.79e-07
25.395,4.8267e-06
25.4,1.1672e-06
25.405,-1.9929e-06
25.41,-2.3507e-06
25.415,6.1753e-06
25.42,2.157e-06
25.425,-1.0008e-05
25.43,-3.4842e-06
25.435,5.4852e-06
25.44,2.3558e-06
25.445,-4.1295e-06
25.45,-3.84e-06
25.455,6.84e-06
25.46,5.7727e-06
25.465,-1.1e-05
25.47,-6.8175e-06
25.475,1.092e-05
25.48,2.8624e-06
25.485,-1.044e-05
25.49,3.578e-07
25.495,7.0112e-06
25.5,-1.4791e-06
25.505,-2.8298e-06
25.51,-8.7666e-07
25.515,3.1662e-06
25.52,5.4108e-06
25.525,-7.159e-06
25.53,-8.8603e-06
25.535,5.2467e-06
25.54,6.9419e-07
25.545,-1.1418e-05
25.55,-1.5861e-06
25.555,9.9327e-06
25.56,1.3129e-06
25.565,-7.8359e-06
25.57,-4.3731e-07
25.575,7.3058e-06
25.58,-4.4985e-06
25.585,-1.0337e-05
25.59,4.7503e-06
25.595,6.8665e-06
25.6,-1.103e-06
25.605,-6.6422e-06
25.61,-6.6096e-06
25.615,9.9602e-06
25.62,4.4893e-06
25.625,-1.5023e-05
25.63,2.737e-06
25.635,1.4146e-05
25.64,-3.5617e-06
25.645,-6.8451e-06
25.65,-4.791e-08
25.655,4.3874e-06
25.66,1.6993e-06
25.665,-1.039e-05
25.67,-2.0092e-06
25.675,1.1659e-05
25.68,-8.6646e-08
25.685,-1.003e-05
25.69,-2.0428e-06
25.695,9.4404e-06
25.7,4.4985e-06
25.705,-9.1366e-06
25.71,3.8124e-07
25.715,1.3624e-05
25.72,-5.5352e-07
25.725,-1.4064e-05
25.73,-1.2885e-06
25.735,1.0694e-05
25.74,2.9052e-07
25.745,-1.0426e-05
25.75,-9.3986e-07
25.755,1.2004e-05
25.76,3.8461e-06
25.765,-9.105e-06
25.77,-1.4842e-06
25.775,8.8848e-06
25.78,2.0734e-06
25.785,-8.0449e-06
25.79,-4.5566e-06
25.795,6.1845e-06
25.8,4.7696e-06
25.805,-7.0938e-06
25.81,-5.0255e-06
25.815,9.6544e-06
25.82,6.0734e-06
25.825,-1.2168e-05
25.83,-6.21e-06
25.835,1.237e-05
25.84,1.9399e-06
25.845,-1.3159e-05
25.85,-8.6442e-07
25.855,1.0437e-05
25.86,-4.4852e-08
25.865,-1.2352e-05
25.87,-4.3904e-06
25.875,1.1577e-05
25.88,6.1448e-06
25.885,-1.1774e-05
25.89,-6.2304e-06
25.895,1.466e-05
25.9,5.6177e-06
25.905,-1.6347e-05
25.91,-3.4852e-06
25.915,1.5165e-05
25.92,2.9684e-06
25.925,-1.2198e-05
25.93,-3.0642e-06
25.935,1.0022e-05
25.94,1.4811e-06
25.945,-8.8756e-06
25.95,1.6514e-07
25.955,9.3578e-06
25.96,2.5464e-06
25.965,-8.0724e-06
25.97,-3.1213e-06
25.975,8.474e-06
25.98,6.1876e-07
25.985,-1.1873e-05
25.99,-3.1825e-06
25.995,9.0204e-06
26,4.7299e-06
26.005,-7.0815e-06
26.01,-4.5076e-06
26.015,1.162e-05
26.02,6.5148e-06
26.025,-1.0952e-05
26.03,-2.9307e-06
26.035,6.4842e-06
26.04,-6.6157e-07
26.045,-5.5311e-06
26.05,-4.7278e-06
26.055,6.5586e-06
26.06,7.5902e-06
26.065,-1.0174e-05
26.07,-5.8502e-06
26.075,9.106e-06
26.08,3.2487e-06
26.085,-7.106e-06
26.09,-3.9847e-06
26.095,7.1876e-06
26.1,1.8777e-06
26.105,-8.7574e-06
26.11,2.0112e-06
26.115,9.0642e-06
26.12,-2.2324e-07
26.125,-5.8298e-06
26.13,-1.9562e-06
26.135,6.6269e-06
26.14,4.001e-06
26.145,-9.3384e-06
26.15,-5.8471e-06
26.155,6.6075e-06
26.16,-2.9358e-07
26.165,-8.3935e-06
26.17,2.6789e-06
26.175,8.157e-06
26.18,4.791e-08
26.185,-2.6381e-06
26.19,-1.0173e-06
26.195,6.0887e-06
26.2,7.7737e-06
26.205,-8.9042e-06
26.21,-6.2477e-06
26.215,1.3483e-05
26.22,4.2375e-06
26.225,-1.074e-05
26.23,-7.3394e-07
26.235,7.1957e-06
26.24,3.7819e-07
26.245,-5.265e-06
26.25,-2.9072e-06
26.255,7.0398e-06
26.26,4.314e-06
26.265,-1.1826e-05
26.27,-4.7757e-06
26.275,1.1326e-05
26.28,2.5403e-06
26.285,-1.0246e-05
26.29,-5.9327e-07
26.295,9.3445e-06
26.3,-3.9297e-06
26.305,-8.3486e-06
26.31,5.1346e-06
26.315,6.3792e-06
26.32,-1.3415e-06
26.325,-7.265e-06
26.33,-3.9266e-06
26.335,6.9776e-06
26.34,4.0489e-06
26.345,-7.4791e-06
26.35,-2.9847e-06
26.355,9.9032e-06
26.36,2.2446e-06
26.365,-1.2604e-05
26.37,-3.5953e-06
26.375,1.1021e-05
26.38,5.316e-06
26.385,-8.2406e-06
26.39,-2.5189e-06
26.395,1.0548e-05
26.4,-5.841e-07
26.405,-1.1989e-05
26.41,-7.9001e-07
26.415,7.8889e-06
26.42,6.4016e-07
26.425,-7.105e-06
26.43,1.6636e-06
26.435,9.7217e-06
26.44,-1.6106e-06
26.445,-8.8481e-06
26.45,1.3609e-06
26.455,7.8981e-06
26.46,-2.895e-07
26.465,-7.4944e-06
26.47,-1.3802e-06
26.475,7.7197e-06
26.48,2.8338e-07
26.485,-1.272e-05
26.49,-2.2599e-06
26.495,1.2319e-05
26.5,3.5698e-06
26.505,-6.6402e-06
26.51,1.6412e-07
26.515,7.7839e-06
26.52,1.4251e-06
26.525,-8.8502e-06
26.53,-3.9501e-06
26.535,8.1366e-06
26.54,2.5749e-06
26.545,-9.7329e-06
26.55,-4.3119e-06
26.555,9.4027e-06
26.56,4.9001e-06
26.565,-1.1136e-05
26.57,-3.7686e-06
26.575,1.2146e-05
26.58,4.7136e-06
26.585,-6.9429e-06
26.59,-2.1733e-06
26.595,7.8532e-06
26.6,9.9694e-07
26.605,-1.1332e-05
26.61,-5.6371e-07
26.615,1.0702e-05
26.62,1.1111e-07
26.625,-6.9694e-06
26.63,8.0326e-07
26.635,8.8135e-06
26.64,2.8603e-06
26.645,-1.054e-05
26.65,-3.9541e-06
26.655,1.2331e-05
26.66,4.9929e-06
26.665,-1.0611e-05
26.67,-2.9439e-06
26.675,8.3425e-06
26.68,-1.2406e-06
26.685,-9.1549e-06
26.69,-3.2661e-06
26.695,6.5352e-06
26.7,6.0316e-06
26.705,-7.7268e-06
26.71,-2.739e-06
26.715,1.2946e-05
26.72,4.4669e-06
26.725,-1.0401e-05
26.73,-3.9939e-06
26.735,1.1855e-05
26.74,4.9541e-07
26.745,-1.7762e-05
26.75,-5.8919e-07
26.755,1.5325e-05
26.76,1.4781e-06
26.765,-1.2364e-05
26.77,-2.2304e-06
26.775,1.2381e-05
26.78,1.4332e-06
26.785,-1.0619e-05
26.79,-3.3129e-06
26.795,4.5953e-06
26.8,3.1519e-06
26.805,-6.2966e-06
26.81,-7.0143e-06
26.815,4.9521e-06
26.82,4.2742e-06
26.825,-9.1468e-06
26.83,-6.1325e-06
26.835,7.8114e-06
26.84,3.4495e-06
26.845,-9.4016e-06
26.85,-5.2548e-06
26.855,1.0121e-05
26.86,5.1784e-06
26.865,-1.2807e-05
26.87,-4.685e-06
26.875,1.1241e-05
26.88,6.1916e-06
26.885,-7.999e-06
26.89,-7.9735e-06
26.895,1.0019e-05
26.9,6.3904e-06
26.905,-1.3168e-05
26.91,-1.4465e-06
26.915,1.4245e-05
26.92,1.2385e-06
26.925,-1.1407e-05
26.93,-6.6432e-06
26.935,3.1509e-06
26.94,4.3853e-06
26.945,-6.4383e-06
26.95,-7.2885e-06
26.955,9.581e-06
26.96,8.3792e-06
26.965,-1.2332e-05
26.97,-8.7105e-06
26.975,1.044e-05
26.98,5.4791e-06
26.985,-8.4302e-06
26.99,-3.5943e-06
26.995,7.2508e-06
27,3.4251e-06
27.005,-9.2946e-06
27.01,-7.2579e-06
27.015,9.3812e-06
27.02,1.0195e-05
27.025,-8.6014e-06
27.03,-8.5872e-06
27.035,1.2603e-05
27.04,8.0948e-06
27.045,-1.459e-05
27.05,-6.1539e-06
27.055,1.4055e-05
27.06,3.0856e-06
27.065,-1.1916e-05
27.07,-4.3323e-07
27.075,8.3221e-06
27.08,1.9878e-07
27.085,-3.8349e-06
27.09,-2.4414e-06
27.095,1.6871e-06
27.1,4.9847e-06
27.105,-5.0632e-06
27.11,-7.6493e-06
27.115,6.42e-06
27.12,2.792e-06
27.125,-9.6799e-06
27.13,-1.634e-06
27.135,9.7329e-06
27.14,2.5739e-06
27.145,-1.0411e-05
27.15,-2.3099e-06
27.155,9.4261e-06
27.16,1.9368e-08
27.165,-6.7156e-06
27.17,-1.1621e-06
27.175,4.3496e-06
27.18,2.8603e-06
27.185,-4.6442e-06
27.19,-2.9439e-06
27.195,4.5668e-06
27.2,2.6697e-06
27.205,-5.9286e-06
27.21,-5.2528e-06
27.215,6.4659e-06
27.22,4.4088e-06
27.225,-7.5352e-06
27.23,-3.1295e-06
27.235,7.2151e-06
27.24,3.8919e-06
27.245,-5.6687e-06
27.25,-3.3333e-07
27.255,9.5698e-06
27.26,-1.5657e-06
27.265,-8.8349e-06
27.27,1.4577e-06
27.275,2.6871e-06
27.28,1.7431e-06
27.285,1.4037e-06
27.29,-4.263e-06
27.295,3.2599e-06
27.3,4.4597e-06
27.305,-1.1042e-05
27.31,-6.7238e-06
27.315,9.4597e-06
27.32,5.5515e-06
27.325,-8.4241e-06
27.33,-5.0581e-06
27.335,8.5229e-06
27.34,3.1295e-06
27.345,-9.0785e-06
27.35,-2.7543e-06
27.355,6.3211e-06
27.36,1.3823e-06
27.365,-4.633e-06
27.37,-7.6453e-08
27.375,7.419e-06
27.38,3.8022e-07
27.385,-1.1742e-05
27.39,-1.0673e-06
27.395,1.0969e-05
27.4,2.4689e-06
27.405,-4.2181e-06
27.41,-1.3537e-06
27.415,4.1407e-06
27.42,-7.9511e-08
27.425,-1.1793e-05
27.43,-4.8196e-06
27.435,1.0445e-05
27.44,5.051e-06
27.445,-7.7258e-06
27.45,-1.4669e-06
27.455,1.0154e-05
27.46,3.7574e-06
27.465,-7.7615e-06
27.47,-3.0948e-06
27.475,8.0377e-06
27.48,-1.4995e-06
27.485,-1.1475e-05
27.49,5.1682e-06
27.495,1.0584e-05
27.5,-6.0612e-06
27.505,-1.012e-05
27.51,1.6738e-06
27.515,9.2712e-06
27.52,1.42e-06
27.525,-6.2752e-06
27.53,-1.2956e-06
27.535,5.3364e-06
27.54,1.0153e-06
27.545,-1.1058e-05
27.55,-4.1519e-06
27.555,1.3606e-05
27.56,4.2416e-06
27.565,-1.0212e-05
27.57,-4.7706e-07
27.575,8.2385e-06
27.58,1.2712e-06
27.585,-8.7299e-06
27.59,-2.5443e-06
27.595,1.395e-05
27.6,9.9694e-07
27.605,-1.6098e-05
27.61,1.5566e-06
27.615,8.3823e-06
27.62,-3.4679e-06
27.625,-5.0489e-06
27.63,-1.7951e-06
27.635,7.6687e-06
27.64,3.7003e-06
27.645,-1.1801e-05
27.65,-1.1193e-06
27.655,9.5392e-06
27.66,-2.4149e-06
27.665,-9.212e-06
27.67,-5.1305e-06
27.675,3.9725e-06
27.68,4.8084e-06
27.685,-8.7054e-06
27.69,-5.0887e-06
27.695,1.1419e-05
27.7,4.6004e-06
27.705,-8.7268e-06
27.71,-2.7951e-06
27.715,7.4883e-06
27.72,4.8257e-06
27.725,-6.159e-06
27.73,-5.2895e-06
27.735,7.4679e-06
27.74,4.6677e-06
27.745,-5.629e-06
27.75,-9.684e-08
27.755,2.4557e-06
27.76,-2.0714e-06
27.765,-2.8654e-06
27.77,-3.1672e-06
27.775,6.9694e-06
27.78,9.2192e-06
27.785,-9.6983e-06
27.79,-1.0073e-05
27.795,8.7462e-06
27.8,8.7757e-06
27.805,-8.1162e-06
27.81,-8.7146e-06
27.815,9.9959e-06
27.82,6.9011e-06
27.825,-1.394e-05
27.83,-6.3914e-06
27.835,1.0837e-05
27.84,1.2059e-06
27.845,-9.7492e-06
27.85,-7.9918e-07
27.855,7.4975e-06
27.86,2.4801e-06
27.865,-8.4179e-06
27.87,-6.7625e-06
27.875,8.4822e-06
27.88,5.9327e-06
27.885,-9.0112e-06
27.89,-2.0928e-06
27.895,1.1495e-05
27.9,2.8624e-06
27.905,-1.0106e-05
27.91,-2.8287e-06
27.915,7.475e-06
27.92,3.1855e-06
27.925,-5.5076e-06
27.93,-3.7034e-06
27.935,7.2294e-06
27.94,1.7931e-06
27.945,-1.0276e-05
27.95,-1.105e-06
27.955,5.6412e-06
27.96,2.0255e-06
27.965,-1.7492e-06
27.97,-5.5739e-06
27.975,5.6493e-06
27.98,8.2589e-06
27.985,-9.3904e-06
27.99,-8.5953e-06
27.995,6.0031e-06
28,5.7003e-06
28.005,-6.7248e-06
28.01,-5.2742e-06
28.015,8.6707e-06
28.02,4.7686e-06
28.025,-7.0153e-06
28.03,-4.2212e-06
28.035,4.6065e-06
28.04,3.8563e-06
28.045,-4.8838e-06
28.05,-4.6891e-06
28.055,5.1264e-06
28.06,4.5127e-06
28.065,-8.4546e-06
28.07,-6.7615e-06
28.075,5.9399e-06
28.08,3.2671e-06
28.085,-3.5729e-06
28.09,-1.6881e-06
28.095,3.788e-06
28.1,2.8899e-06
28.105,-7.2263e-06
28.11,-3.894e-06
28.115,8.5698e-06
28.12,2.6922e-06
28.125,-6.3537e-06
28.13,-9.633e-07
28.135,4.1386e-06
28.14,-2.0897e-07
28.145,-6.367e-06
28.15,-4.526e-07
28.155,9.5229e-06
28.16,7.5127e-07
28.165,-9.0326e-06
28.17,-1.9878e-06
28.175,3.6544e-06
28.18,9.9796e-07
28.185,-4.7788e-06
28.19,-7.9409e-07
28.195,8.9786e-06
28.2,-4.5872e-08
28.205,-1.1186e-05
28.21,-2.9888e-06
28.215,6.053e-06
28.22,9.0622e-07
28.225,-4.9439e-06
28.23,9.1131e-07
28.235,3.9388e-06
28.24,-4.1488e-07
28.245,-3.1019e-06
28.25,-3.0826e-06
28.255,2.2304e-06
28.26,2.6422e-06
28.265,-3.3598e-06
28.27,1.1519e-07
28.275,6.4975e-06
28.28,1.156e-06
28.285,-1.2406e-05
28.29,-7.8583e-06
28.295,1.2739e-05
28.3,4.9021e-06
28.305,-1.2072e-05
28.31,1.6004e-07
28.315,1.126e-05
28.32,7.5637e-07
28.325,-1.3528e-05
28.33,-4.0183e-06
28.335,1.629e-05
28.34,3.7482e-06
28.345,-1.4047e-05
28.35,-1.7533e-06
28.355,8.7655e-06
28.36,-1.1264e-06
28.365,-1.1074e-05
28.37,-8.5831e-07
28.375,1.3221e-05
28.38,2.4404e-06
28.385,-9.3996e-06
28.39,3.1498e-07
28.395,7.4088e-06
28.4,4.0775e-09
28.405,-1.0508e-05
28.41,-3.159e-06
28.415,1.4887e-05
28.42,3.9551e-06
28.425,-1.4315e-05
28.43,-1.737e-06
28.435,1.2332e-05
28.44,2.6555e-06
28.445,-1.2308e-05
28.45,-6.2803e-06
28.455,1.0727e-05
28.46,5.6687e-06
28.465,-1.1574e-05
28.47,-9.0622e-06
28.475,6.7931e-06
28.48,9.0612e-06
28.485,-1.0041e-06
28.49,-2.5515e-06
28.495,5.2141e-06
28.5,2.4047e-06
28.505,-6.3914e-06
28.51,2.208e-06
28.515,7.6239e-06
28.52,-6.4332e-06
28.525,-1.2548e-05
28.53,-2.8328e-06
28.535,8.474e-06
28.54,4.7268e-06
28.545,-7.6177e-06
28.55,-3.7462e-06
28.555,9.7441e-06
28.56,1.214e-05
28.565,-2.7543e-06
28.57,-1.0446e-05
28.575,2.9602e-06
28.58,3.9959e-06
28.585,-9.4077e-06
28.59,-7.945e-06
28.595,5.9653e-06
28.6,8.3568e-06
28.605,-4.9246e-06
28.61,-7.4679e-06
28.615,4.0561e-06
28.62,5.1998e-06
28.625,-5.2905e-06
28.63,-5.791e-06
28.635,4.9643e-06
28.64,2.3221e-06
28.645,-8.2926e-06
28.65,-1.9684e-06
28.655,8.0153e-06
28.66,1.9969e-06
28.665,-5.7982e-06
28.67,-1.5352e-06
28.675,7.7299e-06
28.68,7.1325e-06
28.685,-6.7411e-06
28.69,-1.0963e-05
28.695,1.5647e-06
28.7,7.1876e-06
28.705,-4.8277e-06
28.71,-1.1137e-05
28.715,8.2334e-06
28.72,1.2962e-05
28.725,-7.1407e-06
28.73,-1.6585e-06
28.735,8.2263e-06
28.74,-5.2956e-06
28.745,-7.4689e-06
28.75,2.2273e-06
28.755,3.5525e-06
28.76,-2.7156e-06
28.765,-9.4567e-06
28.77,7.5331e-07
28.775,1.7148e-05
28.78,4.6116e-06
28.785,-1.4893e-05
28.79,-4.5148e-06
28.795,1.1074e-05
28.8,6.8695e-06
28.805,-4.2008e-06
28.81,-6.9378e-06
28.815,2.6575e-06
28.82,7.8981e-06
28.825,-6.5698e-06
28.83,-7.5403e-06
28.835,1.1272e-05
28.84,1.4302e-06
28.845,-1.2162e-05
28.85,1.3323e-06
28.855,2.7819e-06
28.86,-4.7757e-06
28.865,-3.9348e-07
28.87,5.6911e-06
28.875,3.3211e-06
28.88,-5.8695e-06
28.885,-7.5056e-06
28.89,3.7523e-06
28.895,1.3757e-05
28.9,-9.2559e-07
28.905,-1.491e-05
28.91,4.3843e-06
28.915,1.1267e-05
28.92,-9.6269e-06
28.925,-1.735e-05
28.93,-6.2813e-06
28.935,8.5576e-06
28.94,1.3168e-05
28.945,3.5433e-06
28.95,-2.2416e-06
28.955,3.6789e-06
28.96,3.2681e-06
28.965,-5.1325e-06
28.97,-3.3925e-06
28.975,3.9898e-06
28.98,1.3782e-06
28.985,-6.4689e-06
28.99,-5.21e-06
28.995,1.1081e-06
29,1.8043e-06
29.005,-8.6442e-07
29.01,-1.5046e-06
29.015,4.104e-06
29.02,5.2987e-06
29.025,-5.5943e-06
29.03,-3.4852e-06
29.035,1.4042e-05
29.04,7.3639e-06
29.045,-1.7054e-05
29.05,-1.3356e-05
29.055,6.6687e-06
29.06,8.8899e-06
29.065,-3.0479e-06
29.07,-9.3547e-06
29.075,4.7054e-06
29.08,1.2956e-05
29.085,-3.7492e-06
29.09,-5.5668e-06
29.095,1.0775e-05
29.1,6.0601e-06
29.105,-8.3955e-06
29.11,-6.6075e-06
29.115,2.8644e-06
29.12,7.1213e-06
29.125,-1.0143e-06
29.13,-4.7523e-06
29.135,6.264e-06
29.14,-5.1172e-07
29.145,-1.5171e-05
29.15,-4.4801e-06
29.155,9.946e-06
29.16,1.9011e-06
29.165,-1.6727e-05
29.17,-1.0017e-05
29.175,1.7847e-05
29.18,1.942e-05
29.185,-7.474e-06
29.19,-1.7197e-05
29.195,3.6769e-06
29.2,1.3614e-05
29.205,-1.8287e-06
29.21,-8.7992e-06
29.215,8.0326e-07
29.22,4.5739e-06
29.225,-5.5647e-06
29.23,-6.5474e-06
29.235,6.0469e-06
29.24,-4.1182e-07
29.245,-9.475e-06
29.25,9.5627e-06
29.255,1.6889e-05
29.26,-3.2559e-06
29.265,-1.7897e-05
29.27,-1.1942e-05
29.275,1.457e-05
29.28,1.6137e-05
29.285,-1.3792e-05
29.29,-4.4353e-06
29.295,1.9644e-05
29.3,3.5117e-06
29.305,-1.8575e-05
29.31,-1.6968e-05
29.315,7.6789e-06
29.32,2.2479e-05
29.325,3.0499e-06
29.33,-8.8777e-06
29.335,-3.7961e-06
29.34,-1.0283e-05
29.345,-1.1435e-05
29.35,2.1723e-06
29.355,7.0805e-06
29.36,1.8247e-06
29.365,8.7564e-07
29.37,6.7248e-06
29.375,9.8869e-06
29.38,-2.6758e-06
29.385,-1.5973e-05
29.39,-2.7003e-06
29.395,1.6366e-05
29.4,8.2997e-06
29.405,-1.2176e-05
29.41,-9.3456e-06
29.415,9.1427e-06
29.42,-5.5046e-07
29.425,-2.1756e-05
29.43,-9.6208e-06
29.435,1.3477e-05
29.44,1.6054e-05
29.445,2.9164e-06
29.45,-7.1203e-06
29.455,-5.1019e-06
29.46,-5.3191e-06
29.465,-3.5657e-06
29.47,7.0907e-06
29.475,6.2752e-06
29.48,-3.5882e-06
29.485,-5.9052e-06
29.49,-1.208e-06
29.495,4.1784e-06
29.5,1.3293e-06
29.505,-5.9643e-06
29.51,2.8644e-07
29.515,1.7823e-05
29.52,1.1952e-05
29.525,-1.5856e-05
29.53,-1.557e-05
29.535,5.629e-06
29.54,5.209e-06
29.545,-9.1662e-06
29.55,-6.3894e-06
29.555,1.4077e-05
29.56,1.1666e-05
29.565,-1.3785e-05
29.57,-1.592e-05
29.575,-1.735e-06
29.58,3.4485e-06
29.585,8.4353e-06
29.59,1.2155e-05
29.595,5.6606e-06
29.6,-1.103e-06
29.605,-6.7768e-06
29.61,-1.0418e-05
29.615,3.682e-06
29.62,9.1009e-06
29.625,-5.2008e-06
29.63,1.4343e-06
29.635,9.2742e-06
29.64,-7.4149e-06
29.645,-1.8385e-05
29.65,-5.9123e-06
29.655,1.8267e-05
29.66,1.7529e-05
29.665,-5.7951e-06
29.67,-9.998e-06
29.675,1.5892e-06
29.68,2.7931e-06
29.685,-8.1967e-06
29.69,-7.055e-06
29.695,6.6381e-06
29.7,6.6901e-06
29.705,3.9959e-07
29.71,1.6412e-06
29.715,2.4077e-06
29.72,-6.9123e-06
29.725,-1.3285e-05
29.73,3.2365e-06
29.735,1.7906e-05
29.74,4.7594e-06
29.745,-1.2779e-05
29.75,-6.4801e-06
29.755,1.0077e-05
29.76,1.3792e-06
29.765,-1.6659e-05
29.77,-4.893e-06
29.775,1.1451e-05
29.78,4.2895e-06
29.785,-6.0958e-06
29.79,-7.9246e-06
29.795,9.9083e-07
29.8,7.2977e-06
29.805,-2.9368e-06
29.81,2.5474e-06
29.815,1.7379e-05
29.82,4.3619e-06
29.825,-1.2038e-05
29.83,-9.2283e-06
29.835,1.9664e-06
29.84,-1.5219e-06
29.845,-1.4479e-05
29.85,2.9337e-06
29.855,1.8716e-05
29.86,-3.1478e-06
29.865,-1.3365e-05
29.87,4.7462e-06
29.875,1.4848e-05
29.88,1.0826e-06
29.885,-1.4781e-05
29.89,-2.8022e-06
29.895,1.5592e-05
29.9,2.5321e-06
29.905,-1.8227e-05
29.91,-6.6901e-06
29.915,1.6969e-05
29.92,1.1988e-05
29.925,-6.8063e-06
29.93,-6.6585e-06
29.935,2.5973e-06
29.94,4.5668e-07
29.945,-9.947e-06
29.95,-6.3364e-06
29.955,7.1519e-06
29.96,3.0418e-06
29.965,-2.9368e-06
29.97,5.2528e-06
29.975,9.4954e-06
29.98,-5.8919e-07
29.985,-1.3423e-05
29.99,-3.4098e-06
29.995,1.3636e-05
30,5.4771e-06
30.005,-8.8828e-06
30.01,-8.1998e-06
30.015,7.1967e-07
30.02,2.9715e-06
30.025,-5.3537e-06
30.03,-2.5841e-06
30.035,1.5223e-05
30.04,1.2913e-05
30.045,-8.9246e-06
30.05,-1.3208e-05
30.055,-6.4108e-06
30.06,-6.7757e-06
30.065,-8.2589e-06
30.07,-5.7666e-06
30.075,4.9551e-06
30.08,1.1044e-05
30.085,6.4628e-07
30.09,-5.3007e-07
30.095,1.4009e-05
30.1,1.0028e-05
30.105,-7.9908e-06
30.11,-8.5515e-06
30.115,2.9664e-07
30.12,-7.7574e-07
30.125,-1.0473e-05
30.13,-1.3897e-05
30.135,-3.3211e-06
30.14,3.3211e-06
30.145,-2.4475e-06
30.15,2.053e-06
30.155,1.867e-05
30.16,1.7044e-05
30.165,-2.9908e-06
30.17,-7.8104e-06
30.175,4.3078e-06
30.18,3.0061e-06
30.185,-5.3364e-06
30.19,2.7278e-06
30.195,1.4039e-05
30.2,8.37e-06
30.205,-1.0989e-05
30.21,-1.4053e-05
30.215,1.0673e-06
30.22,-1.4169e-06
30.225,-1.1104e-05
30.23,-3.789e-06
30.235,7.7299e-06
30.24,8.1346e-06
30.245,-8.9011e-06
30.25,-2.3455e-05
30.255,-5.3435e-06
30.26,1.5903e-05
30.265,3.8685e-06
30.27,-4.1019e-06
30.275,1.0121e-05
30.28,1.3852e-05
30.285,1.2151e-06
30.29,-5.631e-06
30.295,1.3741e-06
30.3,-8.1142e-07
30.305,-2.1978e-06
30.31,1.33e-05
30.315,8.5698e-06
30.32,-1.3513e-05
30.325,-2.053e-05
30.33,-9.2018e-06
30.335,1.0627e-05
30.34,1.2536e-05
30.345,-1.3323e-06
30.35,8.7462e-07
30.355,9.3812e-06
30.36,-1.0051e-06
30.365,-1.4916e-05
30.37,-1.3875e-05
30.375,-8.9806e-07
30.38,5.6198e-06
30.385,-5.1172e-07
30.39,5.6422e-06
30.395,9.5668e-06
30.4,-1.4546e-06
30.405,-2.4485e-06
30.41,4.1305e-06
30.415,1.5433e-05
30.42,1.1089e-05
30.425,-7.5749e-06
30.43,-1.3537e-06
30.435,4.9766e-06
30.44,-8.6871e-06
30.445,-1.1787e-05
30.45,4.1682e-06
30.455,9.315e-06
30.46,-4.8889e-06
30.465,-1.4964e-05
30.47,-1.6555e-05
30.475,-4.263e-06
30.48,5.2049e-06
30.485,1.8043e-06
30.49,1.3114e-05
30.495,2.2102e-05
30.5,7.9827e-06
30.505,-9.4852e-06
30.51,-5.8349e-06
30.515,3.366e-06
30.52,-2.5769e-05
30.525,-9.3384e-05
30.53,-0.00016496
30.535,-0.00021694
30.54,-0.00025062
30.545,-0.00022932
30.55,-0.00011896
30.555,2.8455e-05
30.56,0.00014908
30.565,0.00017596
30.57,8.9084e-05
30.575,-5.4853e-05
30.58,-0.00019112
30.585,-0.00023443
30.59,-0.0001789
30.595,-0.00011003
30.6,-1.471e-05
30.605,0.00025179
30.61,0.00077668
30.615,0.001316
30.62,0.0013822
30.625,0.00077627
30.63,-0.00024699
30.635,-0.0012926
30.64,-0.002043
30.645,-0.002303
30.65,-0.0019055
30.655,-0.00083191
30.66,0.00052465
30.665,0.0015649
30.67,0.0019764
30.675,0.0017782
30.68,0.00094144
30.685,-0.00012738
30.69,-0.00076535
30.695,-0.0014029
30.7,-0.0023658
30.705,-0.0027033
30.71,-0.0018271
30.715,-0.00022314
30.72,0.0013097
30.725,0.0024751
30.73,0.0034001
30.735,0.0036835
30.74,0.0028581
30.745,0.0015645
30.75,0.00060189
30.755,-0.00063396
30.76,-0.0026575
30.765,-0.0040727
30.77,-0.0037311
30.775,-0.0024314
30.78,-0.00068631
30.785,0.0015382
30.79,0.0029182
30.795,0.0025737
30.8,0.001442
30.805,0.00042983
30.81,-0.00016548
30.815,-0.0004596
30.82,-0.00094816
30.825,-0.0016934
30.83,-0.0016157
30.835,0.00021755
30.84,0.0024355
30.845,0.002971
30.85,0.0020247
30.855,0.0010314
30.86,0.00046066
30.865,0.00037005
30.87,0.0010051
30.875,0.0013072
30.88,-0.00020728
30.885,-0.0027084
30.89,-0.0042004
30.895,-0.0037344
30.9,-0.0014467
30.905,0.0010388
30.91,0.0015776
30.915,0.00065128
30.92,0.00080785
30.925,0.0023542
30.93,0.0034761
30.935,0.0039505
30.94,0.0038
30.945,0.0016947
30.95,-0.0014726
30.955,-0.0032052
30.96,-0.003042
30.965,-0.0017536
30.97,-0.00075473
30.975,-0.0015011
30.98,-0.0033102
30.985,-0.0042604
30.99,-0.0031975
30.995,-0.00025186
31,0.0029967
31.005,0.0044811
31.01,0.0033604
31.015,0.00047345
31.02,-0.0024954
31.025,-0.0039203
31.03,-0.0034369
31.035,-0.0022626
31.04,-0.0010027
31.045,0.0008375
31.05,0.0024345
31.055,0.002799
31.06,0.0027779
31.065,0.0025952
31.07,0.0018829
31.075,0.00126
31.08,0.00026801
31.085,-0.0014971
31.09,-0.0024601
31.095,-0.0019531
31.1,-0.0010367
31.105,-0.00091006
31.11,-0.0020238
31.115,-0.0029294
31.12,-0.002401
31.125,-0.0013781
31.13,9.4219e-05
31.135,0.002462
31.14,0.0039098
31.145,0.0033784
31.15,0.002337
31.155,0.0021529
31.16,0.002354
31.165,0.0010361
31.17,-0.0020451
31.175,-0.0043712
31.18,-0.0042301
31.185,-0.0023659
31.19,5.9175e-05
31.195,0.0024168
31.2,0.0036517
31.205,0.0030072
31.21,0.0011199
31.215,-0.00079716
31.22,-0.0014226
31.225,-0.00070354
31.23,-0.00045306
31.235,-0.0013432
31.24,-0.0021085
31.245,-0.0019392
31.25,-0.001132
31.255,-0.00038354
31.26,-0.0001356
31.265,-5.6598e-05
31.27,0.0001001
31.275,6.6945e-05
31.28,0.00013615
31.285,0.00081596
31.29,0.0020881
31.295,0.0031274
31.3,0.0027856
31.305,0.0019388
31.31,0.0020375
31.315,0.0015162
31.32,-0.0010032
31.325,-0.0034325
31.33,-0.0043337
31.335,-0.004739
31.34,-0.0047163
31.345,-0.0032923
31.35,-0.0006768
31.355,0.0017678
31.36,0.0032053
31.365,0.0040875
31.37,0.0044652
31.375,0.0037955
31.38,0.002344
31.385,0.00064671
31.39,-0.00085506
31.395,-0.0015143
31.4,-0.0009358
31.405,0.00034467
31.41,0.0010036
31.415,0.00060036
31.42,0.00018579
31.425,0.00058698
31.43,0.0013883
31.435,0.0016342
31.44,0.00076088
31.445,-0.00084491
31.45,-0.002318
31.455,-0.0036196
31.46,-0.004812
31.465,-0.0047523
31.47,-0.0029535
31.475,-0.00058103
31.48,0.0012621
31.485,0.0021003
31.49,0.0020131
31.495,0.0014126
31.5,0.0009804
31.505,0.0017571
31.51,0.0033512
31.515,0.0041199
31.52,0.0035408
31.525,0.0018663
31.53,-0.00044935
31.535,-0.0023903
31.54,-0.0032181
31.545,-0.0031259
31.55,-0.0028766
31.555,-0.003063
31.56,-0.0033777
31.565,-0.0031658
31.57,-0.0029542
31.575,-0.0033092
31.58,-0.0028655
31.585,-0.00053326
31.59,0.0024135
31.595,0.0043478
31.6,0.0046933
31.605,0.0031067
31.61,0.00019257
31.615,-0.0016972
31.62,-0.0010082
31.625,0.0012232
31.63,0.0029742
31.635,0.0030958
31.64,0.0020734
31.645,0.00093012
31.65,-0.0003922
31.655,-0.0021341
31.66,-0.0032891
31.665,-0.0028519
31.67,-0.0014209
31.675,-0.00017763
31.68,0.0002082
31.685,-0.0004365
31.69,-0.0013349
31.695,-0.0012896
31.7,0.00015756
31.705,0.0025485
31.71,0.004731
31.715,0.0055081
31.72,0.0043342
31.725,0.0018208
31.73,-0.00032739
31.735,-0.0010696
31.74,-0.00099906
31.745,-0.00081567
31.75,-0.00048845
31.755,4.4555e-05
31.76,0.00044401
31.765,0.00036968
31.77,7.576e-05
31.775,-0.00023475
31.78,-0.0010189
31.785,-0.0022189
31.79,-0.002969
31.795,-0.0032613
31.8,-0.0035682
31.805,-0.003379
31.81,-0.0026772
31.815,-0.001884
31.82,2.7833e-05
31.825,0.0032534
31.83,0.0055634
31.835,0.0054399
31.84,0.0038284
31.845,0.0022556
31.85,0.0010097
31.855,-0.0003903
31.86,-0.001679
31.865,-0.0021318
31.87,-0.0021652
31.875,-0.0026283
31.88,-0.003358
31.885,-0.0039078
31.89,-0.0038299
31.895,-0.0027669
31.9,-0.00136
31.905,-0.00012308
31.91,0.001431
31.915,0.0032313
31.92,0.004038
31.925,0.0028589
31.93,0.00082255
31.935,2.8303e-05
31.94,0.00014271
31.945,-0.00038203
31.95,-0.0013336
31.955,-0.0018443
31.96,-0.0016677
31.965,-0.0010191
31.97,-0.00025739
31.975,0.00074787
31.98,0.0020957
31.985,0.0031427
31.99,0.0030534
31.995,0.0015485
32,-0.00063802
32.005,-0.0020785
32.01,-0.0020787
32.015,-0.0015049
32.02,-0.0015153
32.025,-0.0020964
32.03,-0.0023885
32.035,-0.0019072
32.04,-0.00099467
32.045,-3.308e-05
32.05,0.0008584
32.055,0.0014022
32.06,0.001314
32.065,0.00066057
32.07,0.00010481
32.075,0.00019836
32.08,0.00079291
32.085,0.0018959
32.09,0.0034274
32.095,0.0045407
32.1,0.0041636
32.105,0.0016956
32.11,-0.0021332
32.115,-0.0057795
32.12,-0.0081686
32.125,-0.0082585
32.13,-0.0053511
32.135,-0.00061915
32.14,0.0031917
32.145,0.0043244
32.15,0.0043172
32.155,0.0056184
32.16,0.0079433
32.165,0.010093
32.17,0.011443
32.175,0.010818
32.18,0.0077172
32.185,0.0023668
32.19,-0.0050111
32.195,-0.012363
32.2,-0.016511
32.205,-0.016397
32.21,-0.013347
32.215,-0.0088571
32.22,-0.0033564
32.225,0.0027232
32.23,0.0078432
32.235,0.011491
32.24,0.014424
32.245,0.01578
32.25,0.015167
32.255,0.013558
32.26,0.010971
32.265,0.0086291
32.27,0.0078345
32.275,0.007774
32.28,0.0076967
32.285,0.0065503
32.29,0.0039736
32.295,0.00085682
32.3,-0.0031312
32.305,-0.0075396
32.31,-0.011519
32.315,-0.016501
32.32,-0.021884
32.325,-0.026042
32.33,-0.031693
32.335,-0.039536
32.34,-0.045157
32.345,-0.044495
32.35,-0.033944
32.355,-0.013813
32.36,0.009432
32.365,0.030032
32.37,0.04489
32.375,0.053147
32.38,0.056362
32.385,0.055671
32.39,0.051975
32.395,0.04587
32.4,0.036311
32.405,0.021731
32.41,0.0018487
32.415,-0.018528
32.42,-0.033022
32.425,-0.042757
32.43,-0.05075
32.435,-0.054758
32.44,-0.053222
32.445,-0.047315
32.45,-0.037413
32.455,-0.023226
32.46,-0.0059723
32.465,0.0097884
32.47,0.020474
32.475,0.027726
32.48,0.032387
32.485,0.033423
32.49,0.031986
32.495,0.028566
32.5,0.024411
32.505,0.021105
32.51,0.015562
32.515,0.0074895
32.52,0.0017326
32.525,-0.001472
32.53,-0.0046928
32.535,-0.0092711
32.54,-0.015943
32.545,-0.022118
32.55,-0.02666
32.555,-0.030521
32.56,-0.029815
32.565,-0.023744
32.57,-0.01727
32.575,-0.010674
32.58,-0.0036073
32.585,0.00053742
32.59,0.0015185
32.595,0.0011507
32.6,0.0017411
32.605,0.0075652
32.61,0.01762
32.615,0.025074
32.62,0.027869
32.625,0.02847
32.63,0.025576
32.635,0.018084
32.64,0.0097219
32.645,0.001461
32.65,-0.0077689
32.655,-0.015642
32.66,-0.02051
32.665,-0.022285
32.67,-0.021329
32.675,-0.017896
32.68,-0.011487
32.685,-0.0032649
32.69,0.0059656
32.695,0.014512
32.7,0.017096
32.705,0.013184
32.71,0.0079872
32.715,0.0036755
32.72,-0.00069126
32.725,-0.0047874
32.73,-0.0068006
32.735,-0.0074173
32.74,-0.0093747
32.745,-0.011285
32.75,-0.010085
32.755,-0.0058509
32.76,-0.00061674
32.765,0.0031278
32.77,0.0060096
32.775,0.010113
32.78,0.014095
32.785,0.016637
32.79,0.018355
32.795,0.019504
32.8,0.019049
32.805,0.014362
32.81,0.0051894
32.815,-0.0045845
32.82,-0.01302
32.825,-0.020496
32.83,-0.024676
32.835,-0.023532
32.84,-0.019174
32.845,-0.01446
32.85,-0.0098118
32.855,-0.0046333
32.86,0.00041046
32.865,0.0054136
32.87,0.0118
32.875,0.018829
32.88,0.024642
32.885,0.027768
32.89,0.026452
32.895,0.020375
32.9,0.010439
32.905,-0.0019379
32.91,-0.013898
32.915,-0.022678
32.92,-0.026483
32.925,-0.024653
32.93,-0.019438
32.935,-0.013694
32.94,-0.0078357
32.945,-0.002239
32.95,0.0018381
32.955,0.0046367
32.96,0.0081399
32.965,0.013298
32.97,0.017808
32.975,0.018497
32.98,0.014786
32.985,0.0086537
32.99,0.0025619
32.995,-0.0020574
33,-0.0047684
33.005,-0.005718
33.01,-0.0056817
33.015,-0.0066654
33.02,-0.0097975
33.025,-0.012872
33.03,-0.014271
33.035,-0.014408
33.04,-0.012393
33.045,-0.0075655
33.05,-0.00092416
33.055,0.0059572
33.06,0.011128
33.065,0.013545
33.07,0.01353
33.075,0.012084
33.08,0.009984
33.085,0.0066384
33.09,0.0015545
33.095,-0.0038847
33.1,-0.0076634
33.105,-0.0089213
33.11,-0.0081571
33.115,-0.0065085
33.12,-0.0050383
33.125,-0.0036432
33.13,-0.0013346
33.135,0.0015031
33.14,0.0036929
33.145,0.0053093
33.15,0.006269
33.155,0.0055712
33.16,0.0029714
33.165,-0.00073258
33.17,-0.0041162
33.175,-0.0060933
33.18,-0.0067163
33.185,-0.0063131
33.19,-0.0056694
33.195,-0.005245
33.2,-0.0041644
33.205,-0.0024368
33.21,-0.00061446
33.215,0.0013208
33.22,0.0026073
33.225,0.0025874
33.23,0.00074597
33.235,-0.0033937
33.24,-0.007941
33.245,-0.01024
33.25,-0.0094535
33.255,-0.0055601
33.26,0.0002845
33.265,0.0055307
33.27,0.0083859
33.275,0.0085917
33.28,0.0073916
33.285,0.0066627
33.29,0.006729
33.295,0.0063767
33.3,0.0050473
33.305,0.0034213
33.31,0.0015135
33.315,-0.0013483
33.32,-0.0046233
33.325,-0.0068916
33.33,-0.0070577
33.335,-0.0053857
33.34,-0.0030406
33.345,-0.00029083
33.35,0.0026877
33.355,0.0050577
33.36,0.0060644
33.365,0.0051696
33.37,0.002691
33.375,-0.00043426
33.38,-0.0036026
33.385,-0.0061189
33.39,-0.0070979
33.395,-0.0060405
33.4,-0.0031604
33.405,0.00048967
33.41,0.0039481
33.415,0.0071882
33.42,0.010231
33.425,0.012318
33.43,0.012438
33.435,0.010574
33.44,0.0077373
33.445,0.0043834
33.45,0.00051973
33.455,-0.0033
33.46,-0.0064157
33.465,-0.0083801
33.47,-0.0089244
33.475,-0.0081923
33.48,-0.0070795
33.485,-0.0064388
33.49,-0.0057732
33.495,-0.0039014
33.5,-0.00031636
33.505,0.0043048
33.51,0.0086616
33.515,0.01176
33.52,0.012844
33.525,0.011646
33.53,0.0086101
33.535,0.0043052
33.54,-0.00018707
33.545,-0.0033965
33.55,-0.0047531
33.555,-0.0044002
33.56,-0.0030011
33.565,-0.0018834
33.57,-0.0014793
33.575,-0.001054
33.58,-7.3715e-05
33.585,0.0014153
33.59,0.0025555
33.595,0.0024004
33.6,0.00099903
33.605,-0.0011978
33.61,-0.0036304
33.615,-0.0056045
33.62,-0.0067859
33.625,-0.0068951
33.63,-0.0057889
33.635,-0.0038841
33.64,-0.0016193
33.645,0.0005299
33.65,0.0019959
33.655,0.0028173
33.66,0.0034425
33.665,0.0040873
33.67,0.0047147
33.675,0.0052469
33.68,0.0055705
33.685,0.0051244
33.69,0.0031201
33.695,-0.00011939
33.7,-0.0030372
33.705,-0.0044628
33.71,-0.0044591
33.715,-0.0036172
33.72,-0.0023202
33.725,-0.0010044
33.73,-0.00019879
33.735,-6.7077e-05
33.74,-0.00069573
33.745,-0.0021464
33.75,-0.0038431
33.755,-0.0049909
33.76,-0.0054397
33.765,-0.0050475
33.77,-0.0031962
33.775,-1.9181e-05
33.78,0.0033063
33.785,0.0055335
33.79,0.0055484
33.795,0.003149
33.8,-0.00026679
33.805,-0.0035874
33.81,-0.0065842
33.815,-0.0082709
33.82,-0.0079648
33.825,-0.0064442
33.83,-0.0043325
33.835,-0.0016396
33.84,0.0012834
33.845,0.0040044
33.85,0.0065161
33.855,0.0084086
33.86,0.0090316
33.865,0.0086528
33.87,0.0076454
33.875,0.005969
33.88,0.0038154
33.885,0.0014844
33.89,-0.00065464
33.895,-0.0021185
33.9,-0.0025456
33.905,-0.0021742
33.91,-0.0016597
33.915,-0.00099873
33.92,0.00010279
33.925,0.0012897
33.93,0.0018546
33.935,0.0013246
33.94,-0.00026195
33.945,-0.0024456
33.95,-0.0045288
33.955,-0.0058412
33.96,-0.0061547
33.965,-0.005747
33.97,-0.0049036
33.975,-0.0036727
33.98,-0.0021892
33.985,-0.00047797
33.99,0.0015172
33.995,0.0030938
34,0.0030866
34.005,0.0014573
34.01,-0.00060755
34.015,-0.0023515
34.02,-0.0035799
34.025,-0.0040326
34.03,-0.0037869
34.035,-0.0031487
34.04,-0.0024215
34.045,-0.0017178
34.05,-0.00088257
34.055,-7.534e-05
34.06,0.00044872
34.065,0.00073451
34.07,0.0010963
34.075,0.0020457
34.08,0.0033978
34.085,0.0043135
34.09,0.0045433
34.095,0.0041418
34.1,0.002973
34.105,0.0014226
34.11,2.3985e-05
34.115,-0.0011911
34.12,-0.0020209
34.125,-0.0022699
34.13,-0.0021753
34.135,-0.0017474
34.14,-0.00096466
34.145,-0.00024617
34.15,-7.6177e-05
34.155,-0.00053558
34.16,-0.0010447
34.165,-0.00094978
34.17,-0.00013211
34.175,0.0013096
34.18,0.0032617
34.185,0.005255
34.19,0.0063312
34.195,0.0058494
34.2,0.0041308
34.205,0.0020214
34.21,0.00039833
34.215,-0.00031399
34.22,-0.00044703
34.225,-0.00050597
34.23,-0.00059555
34.235,-0.00053553
34.24,-0.00016842
34.245,0.00042364
34.25,0.00096766
34.255,0.0012286
34.26,0.0010494
34.265,0.00055398
34.27,0.00023339
34.275,0.00066672
34.28,0.0022633
34.285,0.0045195
34.29,0.0061072
34.295,0.0062479
34.3,0.0051817
34.305,0.0037869
34.31,0.0026596
34.315,0.0015199
34.32,3.4537e-05
34.325,-0.0017909
34.33,-0.0037623
34.335,-0.0051831
34.34,-0.0051939
34.345,-0.0039175
34.35,-0.00258
34.355,-0.0020514
34.36,-0.0020654
34.365,-0.0020308
34.37,-0.0016881
34.375,-0.0010576
34.38,-0.00040321
34.385,-3.5203e-05
34.39,-4.3067e-05
34.395,-0.00053901
34.4,-0.0016593
34.405,-0.0030489
34.41,-0.0038196
34.415,-0.003421
34.42,-0.0022892
34.425,-0.00093228
34.43,0.00071029
34.435,0.0024082
34.44,0.0033497
34.445,0.0030478
34.45,0.0018999
34.455,0.00048802
34.46,-0.00090044
34.465,-0.0019089
34.47,-0.0022779
34.475,-0.0021567
34.48,-0.0020679
34.485,-0.0024058
34.49,-0.0027322
34.495,-0.0022294
34.5,-0.00064588
34.505,0.0015129
34.51,0.0033777
34.515,0.0043299
34.52,0.004253
34.525,0.0033531
34.53,0.0020347
34.535,0.00081927
34.54,0.00018792
34.545,0.00024336
34.55,0.00037434
34.555,4.1674e-05
34.56,-0.00040708
34.565,-0.00077658
34.57,-0.0015163
34.575,-0.0026236
34.58,-0.0034638
34.585,-0.0034982
34.59,-0.0026931
34.595,-0.0014954
34.6,-0.00050474
34.605,-3.7837e-05
34.61,-4.0347e-06
34.615,-0.00014011
34.62,4.491e-05
34.625,0.00096946
34.63,0.002297
34.635,0.003347
34.64,0.0037581
34.645,0.0035641
34.65,0.0031444
34.655,0.0027626
34.66,0.0023472
34.665,0.0019339
34.67,0.0016282
34.675,0.0011199
34.68,-5.5311e-05
34.685,-0.001685
34.69,-0.002936
34.695,-0.0032694
34.7,-0.0028711
34.705,-0.0023172
34.71,-0.001976
34.715,-0.0019629
34.72,-0.0023079
34.725,-0.0025177
34.73,-0.0019605
34.735,-0.00070746
34.74,0.00096319
34.745,0.0028014
34.75,0.0041809
34.755,0.0046075
34.76,0.0042243
34.765,0.0035571
34.77,0.0030407
34.775,0.0027109
34.78,0.0023865
34.785,0.0016654
34.79,5.8567e-05
34.795,-0.0020982
34.8,-0.0037827
34.805,-0.0043219
34.81,-0.0037855
34.815,-0.0028922
34.82,-0.0022241
34.825,-0.0017721
34.83,-0.0013247
34.835,-0.00062226
34.84,0.0003297
34.845,0.0011924
34.85,0.0017844
34.855,0.0019848
34.86,0.0016376
34.865,0.00088879
34.87,2.6269e-05
34.875,-0.0008512
34.88,-0.0017162
34.885,-0.0022606
34.89,-0.0019588
34.895,-0.00083674
34.9,0.00044784
34.905,0.0013897
34.91,0.0018689
34.915,0.0020583
34.92,0.002236
34.925,0.0025353
34.93,0.0027837
34.935,0.0024341
34.94,0.0011907
34.945,-0.00059998
34.95,-0.0023676
34.955,-0.003583
34.96,-0.0039908
34.965,-0.0037193
34.97,-0.0030192
34.975,-0.0020471
34.98,-0.00091389
34.985,0.00013874
34.99,0.00080064
34.995,0.0010533
35,0.0012566
35.005,0.0015393
35.01,0.0016275
35.015,0.0015046
35.02,0.0014624
35.025,0.0016778
35.03,0.0021429
35.035,0.0026535
35.04,0.0028513
35.045,0.0025929
35.05,0.0020613
35.055,0.0013862
35.06,0.00059956
35.065,-0.0002273
35.07,-0.00095968
35.075,-0.0014203
35.08,-0.0016428
35.085,-0.0018247
35.09,-0.0021284
35.095,-0.0025562
35.1,-0.0027556
35.105,-0.0022641
35.11,-0.00091859
35.115,0.00095702
35.12,0.0026811
35.125,0.0035472
35.13,0.0031322
35.135,0.0016875
35.14,-0.00012221
35.145,-0.0017154
35.15,-0.0024745
35.155,-0.0020336
35.16,-0.00079873
35.165,0.00030759
35.17,0.00070922
35.175,0.0006247
35.18,0.00045072
35.185,0.00021056
35.19,-0.00021725
35.195,-0.00075799
35.2,-0.0013106
35.205,-0.0020286
35.21,-0.002919
35.215,-0.0036419
35.22,-0.0038946
35.225,-0.0034968
35.23,-0.0024898
35.235,-0.0013245
35.24,-0.0005374
35.245,-0.00021031
35.25,5.5935e-05
35.255,0.00062865
35.26,0.0014365
35.265,0.0021031
35.27,0.0023883
35.275,0.0022155
35.28,0.0015233
35.285,0.00055937
35.29,-0.00014923
35.295,-0.00026643
35.3,0.000217
35.305,0.00099649
35.31,0.0016155
35.315,0.0019557
35.32,0.0021532
35.325,0.0020957
35.33,0.0016696
35.335,0.00089628
35.34,-0.00035256
35.345,-0.0020765
35.35,-0.0038939
35.355,-0.0051986
35.36,-0.0055557
35.365,-0.0050692
35.37,-0.0042056
35.375,-0.0033207
35.38,-0.002403
35.385,-0.0013128
35.39,7.7227e-06
35.395,0.0015156
35.4,0.002896
35.405,0.0036599
35.41,0.0035863
35.415,0.002933
35.42,0.001877
35.425,0.0003692
35.43,-0.0012043
35.435,-0.0023427
35.44,-0.0029618
35.445,-0.0031034
35.45,-0.0027932
35.455,-0.0021231
35.46,-0.0012397
35.465,-0.00029991
35.47,0.0005242
35.475,0.0011472
35.48,0.0016117
35.485,0.0017814
35.49,0.0012973
35.495,0.0001949
35.5,-0.00087185
35.505,-0.0013422
35.51,-0.0011337
35.515,-0.00050766
35.52,5.9947e-05
35.525,0.00022822
35.53,4.0502e-05
35.535,-0.00011806
35.54,8.5712e-05
35.545,0.00060488
35.55,0.0012154
35.555,0.0016347
35.56,0.0015701
35.565,0.00088937
35.57,-0.00021001
35.575,-0.0012061
35.58,-0.0017009
35.585,-0.0016283
35.59,-0.0010845
35.595,-0.00035286
35.6,0.00031379
35.605,0.00099095
35.61,0.0017671
35.615,0.0025381
35.62,0.0031565
35.625,0.0033821
35.63,0.0030757
35.635,0.0023639
35.64,0.0013529
35.645,9.0486e-05
35.65,-0.0012877
35.655,-0.0025018
35.66,-0.0032741
35.665,-0.0035679
35.67,-0.003314
35.675,-0.0023571
35.68,-0.00089774
35.685,0.00064259
35.69,0.0019887
35.695,0.0029494
35.7,0.0033004
35.705,0.0029874
35.71,0.0023099
35.715,0.0016609
35.72,0.0011715
35.725,0.00079781
35.73,0.00066288
35.735,0.00085286
35.74,0.0011503
35.745,0.0013153
35.75,0.0011886
35.755,0.00083563
35.76,0.00055078
35.765,0.00042682
35.77,0.00035384
35.775,0.00019035
35.78,-8.3273e-05
35.785,-0.00032228
35.79,-0.00043983
35.795,-0.00038631
35.8,-8.1927e-05
35.805,0.00065518
35.81,0.0019316
35.815,0.0034219
35.82,0.0046367
35.825,0.0051745
35.83,0.0047803
35.835,0.0035911
35.84,0.00198
35.845,0.00026753
35.85,-0.0012561
35.855,-0.0024145
35.86,-0.0031743
35.865,-0.0033907
35.87,-0.0029192
35.875,-0.001926
35.88,-0.00077211
35.885,0.00020495
35.89,0.00080186
35.895,0.00090078
35.9,0.00045056
35.905,-0.00035771
35.91,-0.0011768
35.915,-0.001696
35.92,-0.0017501
35.925,-0.0014851
35.93,-0.0013055
35.935,-0.0015327
35.94,-0.0021134
35.945,-0.0027295
35.95,-0.0030334
35.955,-0.0027889
35.96,-0.0020493
35.965,-0.0010424
35.97,8.5455e-05
35.975,0.0011509
35.98,0.0018352
35.985,0.0020233
35.99,0.0018655
35.995,0.0014135
36,0.00073193
36.005,0.00011373
36.01,-0.00023018
36.015,-0.00031802
36.02,-0.00017008
36.025,6.7244e-05
36.03,8.2861e-05
36.035,-5.5554e-05
36.04,-4.4598e-05
36.045,8.3692e-05
36.05,0.00022027
36.055,0.00048105
36.06,0.00093177
36.065,0.0013584
36.07,0.0015182
36.075,0.0013575
36.08,0.00085177
36.085,-3.7131e-05
36.09,-0.0011899
36.095,-0.0022901
36.1,-0.003098
36.105,-0.003563
36.11,-0.0035678
36.115,-0.0030982
36.12,-0.0025106
36.125,-0.00203
36.13,-0.0014795
36.135,-0.00074603
36.14,0.00017169
36.145,0.0013425
36.15,0.0026301
36.155,0.0035936
36.16,0.0038698
36.165,0.0035119
36.17,0.0027878
36.175,0.0018763
36.18,0.0010702
36.185,0.00076818
36.19,0.0008518
36.195,0.0007087
36.2,0.00015879
36.205,-0.00040705
36.21,-0.00068247
36.215,-0.00060635
36.22,-0.00030449
36.225,-7.9681e-05
36.23,-0.00022444
36.235,-0.00074463
36.24,-0.0013013
36.245,-0.0016339
36.25,-0.0017949
36.255,-0.0020023
36.26,-0.0025437
36.265,-0.0033812
36.27,-0.0039485
36.275,-0.0037737
36.28,-0.0029296
36.285,-0.0017903
36.29,-0.00062712
36.295,0.00047648
36.3,0.0013604
36.305,0.0019033
36.31,0.0022208
36.315,0.0023091
36.32,0.0019689
36.325,0.0011471
36.33,4.0491e-05
36.335,-0.0011389
36.34,-0.0023499
36.345,-0.0034247
36.35,-0.0040176
36.355,-0.0040425
36.36,-0.0035702
36.365,-0.0026351
36.37,-0.0015674
36.375,-0.00082806
36.38,-0.00044544
36.385,-0.00017434
36.39,7.7878e-05
36.395,0.0003589
36.4,0.00086699
36.405,0.0017135
36.41,0.0026767
36.415,0.003371
36.42,0.0034776
36.425,0.0029167
36.43,0.0019512
36.435,0.00092067
36.44,-3.4659e-05
36.445,-0.00084274
36.45,-0.0013731
36.455,-0.0016059
36.46,-0.0016231
36.465,-0.0012908
36.47,-0.00041377
36.475,0.00073445
36.48,0.0016404
36.485,0.0021216
36.49,0.0022428
36.495,0.0021445
36.5,0.0019915
36.505,0.0017978
36.51,0.0014805
36.515,0.0010564
36.52,0.00063017
36.525,0.00029691
36.53,0.00015433
36.535,0.00020157
36.54,0.000359
36.545,0.00069025
36.55,0.0011898
36.555,0.0016412
36.56,0.0019089
36.565,0.0020531
36.57,0.0021923
36.575,0.0022808
36.58,0.002106
36.585,0.0016124
36.59,0.00098616
36.595,0.00037214
36.6,-0.00016479
36.605,-0.00049501
36.61,-0.00051347
36.615,-0.0001837
36.62,0.00039473
36.625,0.00094722
36.63,0.0012766
36.635,0.0013651
36.64,0.0013162
36.645,0.0012498
36.65,0.0011177
36.655,0.00081745
36.66,0.0004319
36.665,0.0001457
36.67,2.1235e-05
36.675,-3.9011e-05
36.68,-0.00014149
36.685,-0.00022748
36.69,-0.00016939
36.695,-1.4232e-05
36.7,0.00011607
36.705,0.00021222
36.71,0.00030052
36.715,0.00035529
36.72,0.00037967
36.725,0.00042041
36.73,0.00037963
36.735,6.6606e-05
36.74,-0.00055824
36.745,-0.001377
36.75,-0.0021925
36.755,-0.0028759
36.76,-0.0034308
36.765,-0.0038094
36.77,-0.0039503
36.775,-0.0038972
36.78,-0.003606
36.785,-0.002926
36.79,-0.0018403
36.795,-0.00043892
36.8,0.0012003
36.805,0.0029566
36.81,0.0045982
36.815,0.0057438
36.82,0.0060501
36.825,0.0055008
36.83,0.0043244
36.835,0.0027825
36.84,0.0011297
36.845,-0.00043404
36.85,-0.0017679
36.855,-0.0027052
36.86,-0.0031712
36.865,-0.0032939
36.87,-0.0031894
36.875,-0.0028523
36.88,-0.0022799
36.885,-0.0016364
36.89,-0.0011801
36.895,-0.00089552
36.9,-0.00065549
36.905,-0.00051581
36.91,-0.00042672
36.915,-0.00029887
36.92,-0.00023214
36.925,-0.000265
36.93,-0.00029399
36.935,-0.00028465
36.94,-0.00031606
36.945,-0.00042645
36.95,-0.00064326
36.955,-0.0009802
36.96,-0.0012071
36.965,-0.0011381
36.97,-0.00085983
36.975,-0.00036971
36.98,0.00027846
36.985,0.00074895
36.99,0.00078598
36.995,0.00037808
37,-0.0003624
37.005,-0.0012868
37.01,-0.0021621
37.015,-0.0026773
37.02,-0.0027595
37.025,-0.0025533
37.03,-0.0021043
37.035,-0.0014996
37.04,-0.00091128
37.045,-0.00026997
37.05,0.00062632
37.055,0.0016614
37.06,0.0024699
37.065,0.0029321
37.07,0.0031015
37.075,0.0028258
37.08,0.0020036
37.085,0.00093349
37.09,4.3752e-05
37.095,-0.00054339
37.1,-0.00089261
37.105,-0.0010084
37.11,-0.00099639
37.115,-0.00093193
37.12,-0.00070576
37.125,-0.00027324
37.13,0.00029301
37.135,0.00077757
37.14,0.00093265
37.145,0.00073127
37.15,0.00028976
37.155,-0.00022204
37.16,-0.00073957
37.165,-0.0013443
37.17,-0.0019007
37.175,-0.0021199
37.18,-0.0018844
37.185,-0.0011931
37.19,-0.00012883
37.195,0.0011271
37.2,0.0023393
37.205,0.0032425
37.21,0.0036869
37.215,0.0036672
37.22,0.003225
37.225,0.00244
37.23,0.0014145
37.235,0.00029615
37.24,-0.00077377
37.245,-0.0017209
37.25,-0.0023934
37.255,-0.002564
37.26,-0.0021551
37.265,-0.001314
37.27,-0.00028228
37.275,0.00071204
37.28,0.0014792
37.285,0.0019001
37.29,0.0020031
37.295,0.0019518
37.3,0.0018881
37.305,0.0018555
37.31,0.0018073
37.315,0.0016626
37.32,0.0013824
37.325,0.00095188
37.33,0.0004792
37.335,0.0002039
37.34,0.0002164
37.345,0.00037644
37.35,0.0004655
37.355,0.00031224
37.36,-5.3522e-05
37.365,-0.00039941
37.37,-0.00059073
37.375,-0.00071078
37.38,-0.00081187
37.385,-0.0008665
37.39,-0.00089462
37.395,-0.00088458
37.4,-0.0007949
37.405,-0.00061285
37.41,-0.00029998
37.415,9.4201e-05
37.42,0.00042138
37.425,0.00065204
37.43,0.00082342
37.435,0.00085469
37.44,0.000637
37.445,0.00029316
37.45,6.1751e-05
37.455,-0.0001297
37.46,-0.00050526
37.465,-0.001043
37.47,-0.0016249
37.475,-0.0021891
37.48,-0.0026381
37.485,-0.0029125
37.49,-0.0030614
37.495,-0.0030855
37.5,-0.0028545
37.505,-0.0022115
37.51,-0.0011594
37.515,6.0231e-05
37.52,0.0011606
37.525,0.0019598
37.53,0.0024252
37.535,0.0026285
37.54,0.0025454
37.545,0.0020833
37.55,0.0012663
37.555,0.00028548
37.56,-0.00059891
37.565,-0.0012099
37.57,-0.0014646
37.575,-0.0013893
37.58,-0.0011685
37.585,-0.0010218
37.59,-0.0010441
37.595,-0.001139
37.6,-0.0010774
37.605,-0.00072971
37.61,-0.00019238
37.615,0.00035548
37.62,0.00077506
37.625,0.00098254
37.63,0.00092537
37.635,0.00063296
37.64,0.00020777
37.645,-0.00033036
37.65,-0.00091205
37.655,-0.001397
37.66,-0.0017151
37.665,-0.0016921
37.67,-0.0012608
37.675,-0.00065145
37.68,1.129e-05
37.685,0.00071012
37.69,0.0012966
37.695,0.0016237
37.7,0.0016535
37.705,0.0014089
37.71,0.00088948
37.715,4.1242e-05
37.72,-0.001053
37.725,-0.0021184
37.73,-0.0029871
37.735,-0.0035587
37.74,-0.0035853
37.745,-0.0029453
37.75,-0.0017826
37.755,-0.00038429
37.76,0.00087891
37.765,0.0018449
37.77,0.0026095
37.775,0.0031848
37.78,0.0033793
37.785,0.0030472
37.79,0.0023997
37.795,0.0016697
37.8,0.00078336
37.805,-0.00019798
37.81,-0.0010112
37.815,-0.0015117
37.82,-0.0016804
37.825,-0.0015743
37.83,-0.0012842
37.835,-0.00090091
37.84,-0.00044614
37.845,8.3697e-05
37.85,0.00060925
37.855,0.0010726
37.86,0.0013998
37.865,0.0014704
37.87,0.0012888
37.875,0.00098227
37.88,0.00064269
37.885,0.00028546
37.89,2.1873e-05
37.895,-4.6871e-06
37.9,0.00010628
37.905,0.00018105
37.91,0.00025031
37.915,0.00041443
37.92,0.00067889
37.925,0.0010389
37.93,0.001435
37.935,0.0016447
37.94,0.0015162
37.945,0.0011291
37.95,0.00065839
37.955,0.00024661
37.96,-7.7481e-05
37.965,-0.0003371
37.97,-0.0005167
37.975,-0.0006415
37.98,-0.00074911
37.985,-0.00079946
37.99,-0.00077692
37.995,-0.00071419
38,-0.00061343
38.005,-0.00046171
38.01,-0.00019747
38.015,0.00024671
38.02,0.00077701
38.025,0.0011883
38.03,0.0013408
38.035,0.0012067
38.04,0.00084258
38.045,0.00035778
38.05,-0.000159
38.055,-0.00069238
38.06,-0.0012054
38.065,-0.0015888
38.07,-0.0017538
38.075,-0.0016557
38.08,-0.0013389
38.085,-0.00095084
38.09,-0.00054753
38.095,-6.5788e-05
38.1,0.00047262
38.105,0.00096268
38.11,0.0013662
38.115,0.0016282
38.12,0.0015835
38.125,0.0012271
38.13,0.0008042
38.135,0.00047311
38.14,0.00023253
38.145,0.00012438
38.15,0.00017572
38.155,0.00021848
38.16,8.7964e-05
38.165,-6.2048e-05
38.17,-2.5343e-05
38.175,0.00011039
38.18,0.00021639
38.185,0.00027551
38.19,0.00017054
38.195,-0.00020664
38.2,-0.0007298
38.205,-0.0011778
38.21,-0.001408
38.215,-0.0013517
38.22,-0.0010237
38.225,-0.00057327
38.23,-0.00020654
38.235,1.4761e-05
38.24,0.00016825
38.245,0.00027858
38.25,0.00035519
38.255,0.00046476
38.26,0.00057638
38.265,0.00058738
38.27,0.00050731
38.275,0.00041665
38.28,0.00030381
38.285,8.8398e-05
38.29,-0.0001643
38.295,-0.00030782
38.3,-0.00035329
38.305,-0.0003521
38.31,-0.00027146
38.315,-0.00011101
38.32,5.2412e-05
38.325,0.00016583
38.33,0.00025717
38.335,0.00033073
38.34,0.00034519
38.345,0.00030732
38.35,0.00029331
38.355,0.00039936
38.36,0.00061847
38.365,0.00085519
38.37,0.0010718
38.375,0.0012502
38.38,0.0013141
38.385,0.0011856
38.39,0.00083605
38.395,0.00029615
38.4,-0.0003401
38.405,-0.00096989
38.41,-0.0015453
38.415,-0.0019909
38.42,-0.0021639
38.425,-0.0020428
38.43,-0.0017607
38.435,-0.0014508
38.44,-0.001209
38.445,-0.0010357
38.45,-0.00084658
38.455,-0.00061912
38.46,-0.00037468
38.465,-9.385e-05
38.47,0.0002072
38.475,0.00040879
38.48,0.00044624
38.485,0.00042311
38.49,0.00038277
38.495,0.00020086
38.5,-0.0001766
38.505,-0.0006816
38.51,-0.0012454
38.515,-0.0017299
38.52,-0.0019475
38.525,-0.0018725
38.53,-0.0016046
38.535,-0.0011721
38.54,-0.0006099
38.545,-8.0928e-05
38.55,0.00030666
38.555,0.00059389
38.56,0.00077594
38.565,0.00077126
38.57,0.00057838
38.575,0.00026632
38.58,-0.00014648
38.585,-0.00059985
38.59,-0.00087236
38.595,-0.00082798
38.6,-0.0005315
38.605,-6.4879e-05
38.61,0.00039901
38.615,0.00064465
38.62,0.00072798
38.625,0.00080883
38.63,0.00082965
38.635,0.00071141
38.64,0.00052616
38.645,0.00029639
38.65,-3.4438e-05
38.655,-0.00039283
38.66,-0.00064104
38.665,-0.00076102
38.67,-0.00074156
38.675,-0.00054085
38.68,-0.00021966
38.685,0.00016142
38.69,0.00065124
38.695,0.0012552
38.7,0.0018432
38.705,0.0023257
38.71,0.0027081
38.715,0.0029048
38.72,0.0027814
38.725,0.0023657
38.73,0.0018296
38.735,0.0012629
38.74,0.00062769
38.745,2.6271e-05
38.75,-0.00034844
38.755,-0.00053447
38.76,-0.00063531
38.765,-0.00056519
38.77,-0.00025158
38.775,0.00021222
38.78,0.00070048
38.785,0.001109
38.79,0.0013348
38.795,0.0013654
38.8,0.0012468
38.805,0.0010075
38.81,0.00074325
38.815,0.00050569
38.82,0.00022394
38.825,-0.00010181
38.83,-0.00040282
38.835,-0.00062453
38.84,-0.0007478
38.845,-0.0007853
38.85,-0.00071805
38.855,-0.00055994
38.86,-0.00036605
38.865,-0.00018344
38.87,-5.0593e-05
38.875,5.5485e-05
38.88,0.00010863
38.885,3.0907e-05
38.89,-0.00013661
38.895,-0.00035766
38.9,-0.0006271
38.905,-0.00084347
38.91,-0.00094236
38.915,-0.00095073
38.92,-0.00091907
38.925,-0.00088872
38.93,-0.00081854
38.935,-0.00066211
38.94,-0.0004573
38.945,-0.00023724
38.95,-1.2562e-05
38.955,0.00017285
38.96,0.00027449
38.965,0.00031133
38.97,0.00036742
38.975,0.00048754
38.98,0.00059984
38.985,0.00059046
38.99,0.00039737
38.995,4.2374e-05
39,-0.00040124
39.005,-0.00083709
39.01,-0.0011558
39.015,-0.0013279
39.02,-0.0014095
39.025,-0.0014657
39.03,-0.0015134
39.035,-0.0014965
39.04,-0.0013928
39.045,-0.0011937
39.05,-0.00086217
39.055,-0.00044709
39.06,-5.4697e-05
39.065,0.00023716
39.07,0.00046235
39.075,0.00066064
39.08,0.00070916
39.085,0.00060025
39.09,0.00049757
39.095,0.00039355
39.1,0.00017617
39.105,-0.00015516
39.11,-0.0005178
39.115,-0.00080609
39.12,-0.00091491
39.125,-0.00076624
39.13,-0.00039059
39.135,6.6152e-05
39.14,0.00045465
39.145,0.00067538
39.15,0.00071458
39.155,0.0006046
39.16,0.00036797
39.165,9.1092e-05
39.17,-0.00014863
39.175,-0.00036536
39.18,-0.00054747
39.185,-0.00067045
39.19,-0.0007674
39.195,-0.00086757
39.2,-0.00094186
39.205,-0.00089386
39.21,-0.00066119
39.215,-0.00029108
39.22,0.00014446
39.225,0.00056761
39.23,0.00089534
39.235,0.0010708
39.24,0.0010606
39.245,0.00088975
39.25,0.00062951
39.255,0.00038575
39.26,0.00024369
39.265,0.00016447
39.27,8.3275e-05
39.275,6.738e-07
39.28,-7.7977e-05
39.285,-0.00010646
39.29,-3.1549e-06
39.295,0.00020422
39.3,0.00043748
39.305,0.00068237
39.31,0.00090974
39.315,0.0010489
39.32,0.0010435
39.325,0.00096111
39.33,0.00092319
39.335,0.00088651
39.34,0.00079133
39.345,0.00066758
39.35,0.00050489
39.355,0.00028103
39.36,-1.3317e-05
39.365,-0.00034464
39.37,-0.00062605
39.375,-0.00080759
39.38,-0.00088241
39.385,-0.00086146
39.39,-0.00076033
39.395,-0.00059021
39.4,-0.00034984
39.405,-2.6179e-05
39.41,0.00035679
39.415,0.00072015
39.42,0.00096221
39.425,0.0010572
39.43,0.0010531
39.435,0.0009442
39.44,0.00072287
39.445,0.00045109
39.45,0.00021308
39.455,6.408e-05
39.46,-1.255e-05
39.465,-4.8596e-05
39.47,-2.631e-05
39.475,9.5352e-05
39.48,0.00030551
39.485,0.00050597
39.49,0.00060958
39.495,0.00060511
39.5,0.00049552
39.505,0.00028984
39.51,5.8916e-05
39.515,-0.00014199
39.52,-0.00033291
39.525,-0.00049762
39.53,-0.00057664
39.535,-0.00053259
39.54,-0.00036119
39.545,-9.1588e-05
39.55,0.00024622
39.555,0.0005782
39.56,0.00081253
39.565,0.00093891
39.57,0.00095195
39.575,0.00081934
39.58,0.00054078
39.585,0.00014064
39.59,-0.00030366
39.595,-0.00067242
39.6,-0.00092493
39.605,-0.0011203
39.61,-0.0012769
39.615,-0.0013446
39.62,-0.0012974
39.625,-0.0010835
39.63,-0.00062015
39.635,4.7007e-05
39.64,0.00073024
39.645,0.0012667
39.65,0.001598
39.655,0.0016824
39.66,0.0014574
39.665,0.00095166
39.67,0.00032398
39.675,-0.0002931
39.68,-0.00084273
39.685,-0.0011642
39.69,-0.0011179
39.695,-0.00085442
39.7,-0.00056268
39.705,-0.00026649
39.71,5.9745e-06
39.715,0.00023776
39.72,0.00045636
39.725,0.00064396
39.73,0.00076065
39.735,0.00075324
39.74,0.0005629
39.745,0.00019703
39.75,-0.00026639
39.755,-0.00069692
39.76,-0.00094925
39.765,-0.00099136
39.77,-0.0008988
39.775,-0.00069584
39.78,-0.00037875
39.785,-1.1755e-05
39.79,0.000349
39.795,0.00069944
39.8,0.00096338
39.805,0.00098661
39.81,0.00074053
39.815,0.00030355
39.82,-0.00028566
39.825,-0.00091372
39.83,-0.001374
39.835,-0.0015802
39.84,-0.0016115
39.845,-0.00154
39.85,-0.0013668
39.855,-0.0011241
39.86,-0.00088486
39.865,-0.00069206
39.87,-0.00051498
39.875,-0.00036092
39.88,-0.00034774
39.885,-0.00042545
39.89,-0.00043323
39.895,-0.00040403
39.9,-0.00035582
39.905,-0.00023784
39.91,-8.572e-05
39.915,7.9937e-05
39.92,0.00019932
39.925,0.00017062
39.93,2.5469e-05
39.935,-0.00014277
39.94,-0.00033304
39.945,-0.00055929
39.95,-0.00075295
39.955,-0.00087938
39.96,-0.00095882
39.965,-0.00094646
39.97,-0.0007533
39.975,-0.00041931
39.98,-0.0001271
39.985,0.00015142
39.99,0.00052927
39.995,0.00078628
40,0.00079164
40.005,0.00071181
40.01,0.00056202
40.015,0.00024609
40.02,-0.00018972
40.025,-0.00059164
40.03,-0.00086078
40.035,-0.0010164
40.04,-0.0010351
40.045,-0.00084517
40.05,-0.00050749
40.055,-0.00016768
40.06,0.00014417
40.065,0.00047275
40.07,0.00073184
40.075,0.00085478
40.08,0.00095506
40.085,0.0010185
40.09,0.00092765
40.095,0.00074666
40.1,0.00052643
40.105,0.00024266
40.11,7.8899e-07
40.115,-7.7549e-05
40.12,-3.5253e-05
40.125,5.0913e-05
40.13,0.00020545
40.135,0.00036793
40.14,0.00038834
40.145,0.00028025
40.15,0.00015478
40.155,8.3052e-05
40.16,7.6205e-05
40.165,0.00010139
40.17,0.00020027
40.175,0.00038743
40.18,0.0005624
40.185,0.00071148
40.19,0.00088706
40.195,0.0010454
40.2,0.0010956
40.205,0.0010103
40.21,0.00084253
40.215,0.00063644
40.22,0.00041187
40.225,0.00020687
40.23,3.1271e-05
40.235,-0.00014077
40.24,-0.00031941
40.245,-0.00047913
40.25,-0.00055973
40.255,-0.00049117
40.26,-0.00027754
40.265,8.6208e-06
40.27,0.00035074
40.275,0.00071543
40.28,0.00098792
40.285,0.0011348
40.29,0.001171
40.295,0.0010842
40.3,0.00093995
40.305,0.0007258
40.31,0.00033855
40.315,-4.59e-05
40.32,-0.00024288
40.325,-0.00039083
40.33,-0.00044173
40.335,-0.00018711
40.34,0.00021372
40.345,0.00052501
40.35,0.00074803
40.355,0.00086262
40.36,0.0007313
40.365,0.00031522
40.37,-0.00019541
40.375,-0.00060054
40.38,-0.00091685
40.385,-0.0011803
40.39,-0.0012552
40.395,-0.0011092
40.4,-0.00093495
40.405,-0.00074827
40.41,-0.00039679
40.415,2.5458e-05
40.42,0.00034636
40.425,0.00061857
40.43,0.00087678
40.435,0.00099449
40.44,0.00097665
40.445,0.00093175
40.45,0.00081047
40.455,0.00058578
40.46,0.00031601
40.465,7.4546e-06
40.47,-0.0002551
40.475,-0.00038502
40.48,-0.00040852
40.485,-0.0003452
40.49,-0.00028687
40.495,-0.00035756
40.5,-0.00051085
40.505,-0.00066052
40.51,-0.00078671
40.515,-0.00082452
40.52,-0.00075261
40.525,-0.0006758
40.53,-0.00062036
40.535,-0.00051457
40.54,-0.0004058
40.545,-0.00038288
40.55,-0.00039843
40.555,-0.00039066
40.56,-0.00042508
40.565,-0.0005609
40.57,-0.00072196
40.575,-0.00085064
40.58,-0.00094649
40.585,-0.00094957
40.59,-0.00083871
40.595,-0.00065359
40.6,-0.00042552
40.605,-0.00018463
40.61,7.6774e-05
40.615,0.00033892
40.62,0.0005546
40.625,0.00072321
40.63,0.00080855
40.635,0.00077681
40.64,0.00067912
40.645,0.00057443
40.65,0.00047508
40.655,0.00035726
40.66,0.00021398
40.665,7.1643e-05
40.67,-6.0211e-05
40.675,-0.0001861
40.68,-0.00030332
40.685,-0.00039063
40.69,-0.00042754
40.695,-0.00046559
40.7,-0.00056079
40.705,-0.00066352
40.71,-0.00070158
40.715,-0.00067087
40.72,-0.00060356
40.725,-0.00052037
40.73,-0.00043557
40.735,-0.00034994
40.74,-0.00025297
40.745,-0.00016501
40.75,-5.9519e-05
40.755,0.00010596
40.76,0.00025203
40.765,0.00033442
40.77,0.00042149
40.775,0.00052617
40.78,0.00062194
40.785,0.00072804
40.79,0.00087359
40.795,0.0010348
40.8,0.0011102
40.805,0.0010501
40.81,0.00093992
40.815,0.0008118
40.82,0.00063793
40.825,0.00049202
40.83,0.00040896
40.835,0.00029906
40.84,0.00012065
40.845,-8.1954e-05
40.85,-0.00026573
40.855,-0.00039583
40.86,-0.00044222
40.865,-0.00039769
40.87,-0.00024504
40.875,8.5025e-06
40.88,0.00027772
40.885,0.00050708
40.89,0.00072736
40.895,0.00095798
40.9,0.0011583
40.905,0.0012591
40.91,0.001227
40.915,0.0010761
40.92,0.00080641
40.925,0.00043737
40.93,6.9197e-05
40.935,-0.00021577
40.94,-0.00043803
40.945,-0.00061007
40.95,-0.00066981
40.955,-0.00059007
40.96,-0.00043069
40.965,-0.00026905
40.97,-0.00013688
40.975,-4.7813e-05
40.98,-2.8316e-05
40.985,-6.5708e-05
40.99,-0.00012148
40.995,-0.00018709
41,-0.00026957
41.005,-0.00036073
41.01,-0.00041994
41.015,-0.00042209
41.02,-0.00040363
41.025,-0.00040407
41.03,-0.00042596
41.035,-0.00045559
41.04,-0.00047955
41.045,-0.00049905
41.05,-0.00048843
41.055,-0.0004104
41.06,-0.00033187
41.065,-0.00033327
41.07,-0.00037256
41.075,-0.00037975
41.08,-0.00033877
41.085,-0.00029573
41.09,-0.00029487
41.095,-0.00031032
41.1,-0.00034368
41.105,-0.00043216
41.11,-0.00052958
41.115,-0.00054953
41.12,-0.00048297
41.125,-0.00035983
41.13,-0.00016817
41.135,6.0049e-05
41.14,0.00020609
41.145,0.00021565
41.15,0.00017703
41.155,0.00016245
41.16,0.00011858
41.165,4.7413e-05
41.17,1.7222e-05
41.175,-2.3881e-05
41.18,-0.00012265
41.185,-0.0002066
41.19,-0.00020493
41.195,-0.00011806
41.2,7.7666e-06
41.205,0.00014257
41.21,0.00026861
41.215,0.00033633
41.22,0.00029499
41.225,0.000142
41.23,-7.5625e-05
41.235,-0.00026643
41.24,-0.00034593
41.245,-0.00031968
41.25,-0.00024046
41.255,-0.00014332
41.26,-6.3949e-05
41.265,-4.3581e-05
41.27,-5.8126e-05
41.275,-1.1995e-05
41.28,0.00011295
41.285,0.0002642
41.29,0.0004148
41.295,0.00052096
41.3,0.00053225
41.305,0.00045031
41.31,0.00034308
41.315,0.00024877
41.32,0.00013074
41.325,1.6468e-05
41.33,-5.5433e-05
41.335,-0.00013544
41.34,-0.00022809
41.345,-0.00027713
41.35,-0.00027014
41.355,-0.00022231
41.36,-0.00014982
41.365,-8.2009e-05
41.37,-1.0456e-05
41.375,0.00011354
41.38,0.0002743
41.385,0.0004177
41.39,0.00053261
41.395,0.00060752
41.4,0.00062192
41.405,0.00056768
41.41,0.00044234
41.415,0.00027334
41.42,9.7774e-05
41.425,-6.2824e-05
41.43,-0.00016498
41.435,-0.00018216
41.44,-0.0001619
41.445,-0.00014933
41.45,-0.00014808
41.455,-0.00017938
41.46,-0.00026186
41.465,-0.00037043
41.47,-0.00046066
41.475,-0.0005027
41.48,-0.00051744
41.485,-0.00052529
41.49,-0.00047932
41.495,-0.00036043
41.5,-0.0002238
41.505,-0.00011388
41.51,-4.6296e-05
41.515,-1.7046e-05
41.52,-5.9929e-06
41.525,-1.1674e-05
41.53,-3.696e-05
41.535,-8.6229e-05
41.54,-0.0001882
41.545,-0.00031603
41.55,-0.00038295
41.555,-0.00038071
41.56,-0.00036044
41.565,-0.00030645
41.57,-0.000181
41.575,-3.8439e-05
41.58,3.621e-05
41.585,4.8671e-05
41.59,4.4574e-05
41.595,3.5529e-05
41.6,4.3354e-05
41.605,9.646e-05
41.61,0.00018045
41.615,0.00026319
41.62,0.00031603
41.625,0.00030357
41.63,0.0002345
41.635,0.00018797
41.64,0.00021017
41.645,0.00028108
41.65,0.00038256
41.655,0.00046436
41.66,0.00047021
41.665,0.00043202
41.67,0.00040096
41.675,0.00037657
41.68,0.00035472
41.685,0.00035993
41.69,0.00035614
41.695,0.00025212
41.7,8.7527e-05
41.705,-4.9705e-05
41.71,-0.00016512
41.715,-0.00024053
41.72,-0.00023101
41.725,-0.00012469
41.73,1.4211e-05
41.735,7.3631e-05
41.74,9.3204e-05
41.745,0.00014051
41.75,0.00012971
41.755,8.0993e-05
41.76,9.2432e-05
41.765,9.3539e-05
41.77,6.137e-05
41.775,7.5638e-05
41.78,0.00010347
41.785,0.00012146
41.79,0.00018514
41.795,0.00026914
41.8,0.00028506
41.805,0.00020862
41.81,0.00010128
41.815,3.0609e-05
41.82,4.58e-06
41.825,7.0846e-06
41.83,4.8843e-05
41.835,0.00012183
41.84,0.00018545
41.845,0.00022569
41.85,0.0002352
41.855,0.00020527
41.86,0.00013931
41.865,5.3999e-05
41.87,1.16e-05
41.875,3.2225e-05
41.88,6.5352e-05
41.885,0.00011321
41.89,0.00020847
41.895,0.00034429
41.9,0.00048242
41.905,0.00058065
41.91,0.0006424
41.915,0.00067545
41.92,0.00063192
41.925,0.00050205
41.93,0.00035579
41.935,0.00021765
41.94,5.891e-05
41.945,-9.2966e-05
41.95,-0.00018195
41.955,-0.00019703
41.96,-0.00016346
41.965,-0.00011031
41.97,-3.9729e-05
41.975,5.7753e-05
41.98,0.00016146
41.985,0.0002265
41.99,0.00023002
41.995,0.00017691
42,6.9912e-05
42.005,-4.7414e-05
42.01,-0.00011782
42.015,-0.00014733
42.02,-0.00013635
42.025,-8.3265e-05
42.03,-3.1954e-05
42.035,-2.7074e-06
42.04,-1.6381e-06
42.045,-4.4272e-05
42.05,-9.8364e-05
42.055,-0.00013643
42.06,-0.00021883
42.065,-0.00037761
42.07,-0.00053869
42.075,-0.00067245
42.08,-0.00080096
42.085,-0.00088507
42.09,-0.00090986
42.095,-0.00091218
42.1,-0.0009124
42.105,-0.00092591
42.11,-0.0009138
42.115,-0.00082506
42.12,-0.00069663
42.125,-0.00055583
42.13,-0.00040718
42.135,-0.00030328
42.14,-0.00025903
42.145,-0.00023942
42.15,-0.00024113
42.155,-0.0002692
42.16,-0.00029208
42.165,-0.00028085
42.17,-0.00024912
42.175,-0.00021078
42.18,-0.00016142
42.185,-9.4557e-05
42.19,-3.7044e-06
42.195,8.4359e-05
42.2,0.00013211
42.205,0.0001338
42.21,0.00010601
42.215,9.0327e-05
42.22,0.00010283
42.225,0.00012454
42.23,0.00016424
42.235,0.00019811
42.24,0.0001695
42.245,9.898e-05
42.25,4.8076e-05
42.255,3.4643e-05
42.26,3.8976e-05
42.265,6.7218e-05
42.27,0.00015312
42.275,0.00027502
42.28,0.00037703
42.285,0.00044192
42.29,0.00048727
42.295,0.00052561
42.3,0.00053753
42.305,0.00051047
42.31,0.00045891
42.315,0.00038435
42.32,0.00027316
42.325,0.00013546
42.33,2.6114e-05
42.335,-2.0206e-05
42.34,-2.737e-05
42.345,5.7615e-06
42.35,8.6969e-05
42.355,0.00017622
42.36,0.00024205
42.365,0.00027867
42.37,0.00031946
42.375,0.00038404
42.38,0.00042046
42.385,0.0004103
42.39,0.00036641
42.395,0.00026399
42.4,0.00010396
42.405,-6.3961e-05
42.41,-0.00020034
42.415,-0.00026593
42.42,-0.00023188
42.425,-0.00017446
42.43,-0.00017145
42.435,-0.00018733
42.44,-0.0001942
42.445,-0.00018844
42.45,-0.00013843
42.455,-5.9169e-05
42.46,-3.5011e-05
42.465,-0.00010741
42.47,-0.00020132
42.475,-0.00022827
42.48,-0.00019855
42.485,-0.00015372
42.49,-7.7405e-05
42.495,3.154e-05
42.5,0.00011041
42.505,0.00013123
42.51,0.0001277
42.515,0.00012174
42.52,0.00010162
42.525,5.965e-05
42.53,2.0249e-05
42.535,-7.6096e-06
42.54,-5.8688e-05
42.545,-0.00014119
42.55,-0.00021089
42.555,-0.00021961
42.56,-0.00015495
42.565,-4.4805e-05
42.57,8.972e-05
42.575,0.0002194
42.58,0.00024929
42.585,0.00014994
42.59,3.0317e-05
42.595,-5.8622e-05
42.6,-0.00012827
42.605,-0.00012967
42.61,-6.1682e-05
42.615,4.8797e-06
42.62,3.0495e-05
42.625,8.3017e-06
42.63,-3.1607e-05
42.635,-4.7824e-05
42.64,-6.2505e-05
42.645,-9.1422e-05
42.65,-9.4597e-05
42.655,-6.6849e-05
42.66,-2.4298e-05
42.665,1.2372e-05
42.67,1.0353e-05
42.675,-2.5832e-05
42.68,-0.00010315
42.685,-0.00021552
42.69,-0.00028437
42.695,-0.00027277
42.7,-0.00022708
42.705,-0.00017146
42.71,-8.5255e-05
42.715,1.4194e-05
42.72,9.2971e-05
42.725,0.00015098
42.73,0.00018767
42.735,0.00020365
42.74,0.00018413
42.745,0.00013213
42.75,0.00010274
42.755,0.00010722
42.76,0.00011594
42.765,0.00011249
42.77,0.00010327
42.775,9.7159e-05
42.78,6.562e-05
42.785,3.5129e-05
42.79,5.5569e-05
42.795,8.4318e-05
42.8,9.3654e-05
42.805,9.6982e-05
42.81,0.00010064
42.815,0.00012699
42.82,0.00017912
42.825,0.00021666
42.83,0.00020007
42.835,0.00017511
42.84,0.00018566
42.845,0.00015475
42.85,6.0588e-05
42.855,-2.0834e-05
42.86,-8.1391e-05
42.865,-0.00015521
42.87,-0.00025453
42.875,-0.00036307
42.88,-0.00043741
42.885,-0.00046198
42.89,-0.00043929
42.895,-0.00036168
42.9,-0.00025506
42.905,-0.00014679
42.91,-2.0749e-05
42.915,0.00010099
42.92,0.00016213
42.925,0.00018409
42.93,0.00022087
42.935,0.00027282
42.94,0.00030393
42.945,0.00029451
42.95,0.00027119
42.955,0.00022443
42.96,0.00012554
42.965,1.8145e-05
42.97,-6.3655e-05
42.975,-0.00012081
42.98,-0.00017299
42.985,-0.0002428
42.99,-0.00028461
42.995,-0.00027551
43,-0.00025605
43.005,-0.00023054
43.01,-0.00017737
43.015,-9.5888e-05
43.02,-1.8015e-05
43.025,2.8453e-05
43.03,6.215e-05
43.035,0.0001013
43.04,0.00012392
43.045,0.00011913
43.05,0.00011201
43.055,0.00010573
43.06,6.9895e-05
43.065,-9.1295e-06
43.07,-9.2556e-05
43.075,-0.00014275
43.08,-0.00019203
43.085,-0.00025524
43.09,-0.00028583
43.095,-0.0002753
43.1,-0.00024759
43.105,-0.00017473
43.11,-2.5248e-05
43.115,0.0001509
43.12,0.0002949
43.125,0.00039822
43.13,0.00046174
43.135,0.00048528
43.14,0.00045882
43.145,0.00038079
43.15,0.00029094
43.155,0.00022738
43.16,0.00017463
43.165,0.00011033
43.17,6.4962e-05
43.175,4.9985e-05
43.18,2.4192e-05
43.185,-1.6541e-05
43.19,-3.2316e-05
43.195,-7.3853e-06
43.2,2.8414e-05
43.205,4.987e-05
43.21,7.4983e-05
43.215,0.00011903
43.22,0.00016122
43.225,0.00015713
43.23,9.6363e-05
43.235,1.8937e-05
43.24,-6.4988e-05
43.245,-0.0001464
43.25,-0.00018239
43.255,-0.00016003
43.26,-0.00010874
43.265,-7.2336e-05
43.27,-5.545e-05
43.275,-7.4156e-05
43.28,-0.00017163
43.285,-0.00028754
43.29,-0.0003412
43.295,-0.00034864
43.3,-0.00035146
43.305,-0.0003294
43.31,-0.00021298
43.315,-3.816e-05
43.32,9.4404e-05
43.325,0.00018621
43.33,0.0002508
43.335,0.0002456
43.34,0.00016465
43.345,4.1326e-05
43.35,-9.3558e-05
43.355,-0.00020748
43.36,-0.00031059
43.365,-0.00040548
43.37,-0.00043401
43.375,-0.00040887
43.38,-0.00037014
43.385,-0.00031113
43.39,-0.00024014
43.395,-0.00014649
43.4,-3.9597e-05
43.405,4.0146e-05
43.41,8.3416e-05
43.415,9.904e-05
43.42,7.8815e-05
43.425,-1.4251e-06
43.43,-7.8996e-05
43.435,-8.4988e-05
43.44,-4.9962e-05
43.445,1.5546e-05
43.45,0.00010644
43.455,0.00018745
43.46,0.00023137
43.465,0.00024177
43.47,0.00025877
43.475,0.00027464
43.48,0.00025678
43.485,0.00020421
43.49,0.00014326
43.495,0.00012249
43.5,0.00012555
43.505,0.00011945
43.51,0.00013249
43.515,0.00016305
43.52,0.00017062
43.525,0.00013649
43.53,9.3505e-05
43.535,7.6956e-05
43.54,4.6482e-05
43.545,-1.9459e-05
43.55,-6.4112e-05
43.555,-7.2271e-05
43.56,-7.5216e-05
43.565,-6.3231e-05
43.57,-3.0924e-05
43.575,2.3609e-06
43.58,4.0358e-05
43.585,6.7677e-05
43.59,6.5431e-05
43.595,5.6016e-05
43.6,3.1703e-05
43.605,-1.8291e-05
43.61,-4.2236e-05
43.615,-3.1397e-05
43.62,-2.9187e-05
43.625,-2.5662e-05
43.63,-3.449e-05
43.635,-0.00010102
43.64,-0.00017103
43.645,-0.00018902
43.65,-0.00018994
43.655,-0.00019007
43.66,-0.00015474
43.665,-4.3852e-05
43.67,0.00010954
43.675,0.00019939
43.68,0.00023352
43.685,0.00033401
43.69,0.00048666
43.695,0.00053362
43.7,0.00042352
43.705,0.00025896
43.71,0.00013933
43.715,8.109e-05
43.72,2.1347e-05
43.725,-9.33e-05
43.73,-0.00022162
43.735,-0.00029887
43.74,-0.00030633
43.745,-0.00025377
43.75,-0.00016577
43.755,-7.504e-05
43.76,-1.4714e-05
43.765,1.7061e-05
43.77,5.2721e-05
43.775,8.0333e-05
43.78,6.2975e-05
43.785,-9.1386e-06
43.79,-0.00011239
43.795,-0.00019812
43.8,-0.00025995
43.805,-0.00030816
43.81,-0.00032274
43.815,-0.00032279
43.82,-0.00033564
43.825,-0.0003296
43.83,-0.00027288
43.835,-0.00017949
43.84,-7.3424e-05
43.845,2.5212e-05
43.85,0.00010411
43.855,0.00017005
43.86,0.0002056
43.865,0.00019774
43.87,0.00018396
43.875,0.00018277
43.88,0.00017195
43.885,0.00013224
43.89,7.9572e-05
43.895,4.2173e-05
43.9,1.3606e-05
43.905,5.1906e-06
43.91,4.8659e-05
43.915,0.00010915
43.92,0.00013235
43.925,0.00011887
43.93,8.2876e-05
43.935,3.5178e-05
43.94,-2.3632e-05
43.945,-0.00010406
43.95,-0.00017673
43.955,-0.00021384
43.96,-0.00022592
43.965,-0.00020925
43.97,-0.00014412
43.975,-4.0445e-05
43.98,4.0437e-05
43.985,6.1473e-05
43.99,5.2993e-05
43.995,2.8265e-05
44,-2.9927e-05
44.005,-0.0001052
44.01,-0.00015983
44.015,-0.00019494
44.02,-0.00024528
44.025,-0.00031783
44.03,-0.00036298
44.035,-0.00034563
44.04,-0.00030166
44.045,-0.00025112
44.05,-0.00017533
44.055,-8.7021e-05
44.06,-6.6748e-06
44.065,6.6693e-05
44.07,0.00013457
44.075,0.00019964
44.08,0.00025175
44.085,0.00026573
44.09,0.00026115
44.095,0.00026175
44.1,0.00023643
44.105,0.00019064
44.11,0.00016912
44.115,0.00017785
44.12,0.00020202
44.125,0.00024241
44.13,0.00032096
44.135,0.00044103
44.14,0.00054877
44.145,0.00058099
44.15,0.00054261
44.155,0.00045545
44.16,0.00030313
44.165,0.00011813
44.17,-4.548e-05
44.175,-0.00018056
44.18,-0.00027472
44.185,-0.00032935
44.19,-0.00035347
44.195,-0.00032763
44.2,-0.00027051
44.205,-0.00021782
44.21,-0.00014702
44.215,-3.8125e-05
44.22,6.7875e-05
44.225,0.00013498
44.23,0.00018391
44.235,0.00022617
44.24,0.00022038
44.245,0.00016167
44.25,0.00010231
44.255,5.2288e-05
44.26,-1.8099e-05
44.265,-0.00010882
44.27,-0.00018349
44.275,-0.00021171
44.28,-0.00020243
44.285,-0.00017088
44.29,-0.00011679
44.295,-5.8369e-05
44.3,-1.4812e-05
44.305,2.7728e-05
44.31,7.8886e-05
44.315,0.00013013
44.32,0.0001838
44.325,0.00023182
44.33,0.00025233
44.335,0.00025268
44.34,0.00024371
44.345,0.00022792
44.35,0.00022708
44.355,0.00022572
44.36,0.00018724
44.365,0.00013026
44.37,8.9179e-05
44.375,8.1992e-05
44.38,8.8021e-05
44.385,6.5784e-05
44.39,3.6694e-05
44.395,1.1832e-05
44.4,-4.3049e-05
44.405,-9.2034e-05
44.41,-8.0243e-05
44.415,-7.3099e-06
44.42,9.8991e-05
44.425,0.00018411
44.43,0.00023012
44.435,0.0002419
44.44,0.00017702
44.445,4.5544e-05
44.45,-7.3053e-05
44.455,-0.00015032
44.46,-0.0002071
44.465,-0.00025234
44.47,-0.00027152
44.475,-0.00026079
44.48,-0.00025366
44.485,-0.00025593
44.49,-0.00022131
44.495,-0.00015818
44.5,-0.0001278
44.505,-0.00014167
44.51,-0.00017868
44.515,-0.00021935
44.52,-0.00025636
44.525,-0.00029801
44.53,-0.00031452
44.535,-0.00029426
44.54,-0.00029082
44.545,-0.00029706
44.55,-0.00025887
44.555,-0.00018881
44.56,-0.0001071
44.565,-5.9572e-06
44.57,9.1969e-05
44.575,0.00014972
44.58,0.00014839
44.585,9.3352e-05
44.59,1.86e-05
44.595,-4.8302e-05
44.6,-0.0001117
44.605,-0.00017695
44.61,-0.00021894
44.615,-0.00021795
44.62,-0.00019847
44.625,-0.00018395
44.63,-0.00016126
44.635,-0.0001245
44.64,-9.7542e-05
44.645,-7.6786e-05
44.65,-3.2027e-05
44.655,2.8182e-05
44.66,7.9885e-05
44.665,0.00011059
44.67,0.00012106
44.675,0.00012348
44.68,9.2516e-05
44.685,2.0427e-05
44.69,-4.3101e-05
44.695,-9.0923e-05
44.7,-0.00014138
44.705,-0.00018499
44.71,-0.00021893
44.715,-0.00023219
44.72,-0.00023844
44.725,-0.00027589
44.73,-0.00030396
44.735,-0.00028743
44.74,-0.00026198
44.745,-0.00022172
44.75,-0.00014522
44.755,-5.4438e-05
44.76,1.5097e-05
44.765,5.5812e-05
44.77,0.00010908
44.775,0.00018708
44.78,0.00025925
44.785,0.00031874
44.79,0.00035053
44.795,0.00033245
44.8,0.00027593
44.805,0.00019294
44.81,0.00011226
44.815,7.4902e-05
44.82,5.7112e-05
44.825,3.3276e-05
44.83,2.3089e-05
44.835,1.5599e-05
44.84,-1.2914e-05
44.845,-5.226e-05
44.85,-7.3018e-05
44.855,-7.12e-05
44.86,-7.4434e-05
44.865,-6.9864e-05
44.87,-3.0935e-05
44.875,2.0343e-05
44.88,6.8207e-05
44.885,0.00011112
44.89,0.00014403
44.895,0.00017421
44.9,0.0001837
44.905,0.00015936
44.91,0.00013153
44.915,0.00010794
44.92,7.8216e-05
44.925,5.604e-05
44.93,7.0716e-05
44.935,0.00013527
44.94,0.00021146
44.945,0.00026222
44.95,0.0002902
44.955,0.0002926
44.96,0.00025432
44.965,0.00018586
44.97,0.00013037
44.975,0.00010641
44.98,8.1129e-05
44.985,3.7114e-05
44.99,1.3521e-05
44.995,2.5116e-05
45,3.5945e-05
45.005,5.4402e-05
45.01,9.6329e-05
45.015,0.00012613
45.02,0.00011317
45.025,6.1385e-05
45.03,1.927e-05
45.035,8.4567e-06
45.04,-7.9337e-06
45.045,-2.9265e-05
45.05,-3.8897e-05
45.055,-4.8995e-05
45.06,-7.6525e-05
45.065,-0.00012209
45.07,-0.00014495
45.075,-0.00013383
45.08,-0.00013888
45.085,-0.00017344
45.09,-0.00019992
45.095,-0.00020894
45.1,-0.00022897
45.105,-0.00024822
45.11,-0.00022684
45.115,-0.00018385
45.12,-0.00015578
45.125,-0.00013998
45.13,-0.00012436
45.135,-0.00010605
45.14,-9.8317e-05
45.145,-9.8786e-05
45.15,-7.1445e-05
45.155,-5.1814e-06
45.16,6.5855e-05
45.165,0.00010601
45.17,0.00011993
45.175,0.00011268
45.18,5.9139e-05
45.185,-2.6361e-05
45.19,-0.00010129
45.195,-0.00015419
45.2,-0.00019811
45.205,-0.00024062
45.21,-0.00026261
45.215,-0.00026291
45.22,-0.00027012
45.225,-0.00027966
45.23,-0.00025235
45.235,-0.00017795
45.24,-9.953e-05
45.245,-4.3584e-05
45.25,2.393e-05
45.255,0.00010919
45.26,0.00015097
45.265,0.00013553
45.27,0.00011187
45.275,8.5022e-05
45.28,3.9263e-05
45.285,-5.7859e-06
45.29,-2.6434e-05
45.295,-2.332e-05
45.3,-2.5496e-05
45.305,-4.698e-05
45.31,-6.214e-05
45.315,-5.4936e-05
45.32,-3.8695e-05
45.325,-1.8105e-05
45.33,3.3638e-05
45.335,0.00010949
45.34,0.00014856
45.345,0.00013958
45.35,0.00010622
45.355,4.3423e-05
45.36,-4.3372e-05
45.365,-0.00014105
45.37,-0.0002163
45.375,-0.00022588
45.38,-0.00019442
45.385,-0.00015225
45.39,-8.3587e-05
45.395,1.9004e-05
45.4,0.00013839
45.405,0.00023444
45.41,0.00030578
45.415,0.00038704
45.42,0.00044696
45.425,0.00044213
45.43,0.00040382
45.435,0.00036582
45.44,0.00029681
45.445,0.00019152
45.45,0.00011249
45.455,7.7223e-05
45.46,6.2432e-05
45.465,6.0355e-05
45.47,7.6582e-05
45.475,0.00011451
45.48,0.00013991
45.485,0.00015455
45.49,0.00018691
45.495,0.00020946
45.5,0.00020745
45.505,0.00018207
45.51,0.00013003
45.515,5.6188e-05
45.52,-4.688e-05
45.525,-0.00016793
45.53,-0.00027763
45.535,-0.00035408
45.54,-0.00039689
45.545,-0.00039698
45.55,-0.00031196
45.555,-0.00016058
45.56,-7.2018e-06
45.565,0.00013704
45.57,0.00026565
45.575,0.0003497
45.58,0.00038234
45.585,0.00036132
45.59,0.00029203
45.595,0.0002006
45.6,8.019e-05
45.605,-7.5261e-05
45.61,-0.00022265
45.615,-0.00033952
45.62,-0.00043051
45.625,-0.00048138
45.63,-0.00047355
45.635,-0.00040535
45.64,-0.00029367
45.645,-0.00016482
45.65,-2.847e-05
45.655,0.00011173
45.66,0.00021558
45.665,0.00026069
45.67,0.00026903
45.675,0.00023582
45.68,0.00015579
45.685,5.7932e-05
45.69,-3.3095e-05
45.695,-0.00011109
45.7,-0.00016944
45.705,-0.00018787
45.71,-0.00016078
45.715,-0.00010515
45.72,-4.2072e-05
45.725,1.5726e-05
45.73,7.901e-05
45.735,0.00015226
45.74,0.00021281
45.745,0.00024825
45.75,0.00027255
45.755,0.00028341
45.76,0.00024227
45.765,0.00014881
45.77,6.5544e-05
45.775,2.2123e-05
45.78,4.6891e-08
45.785,6.2773e-06
45.79,6.5124e-05
45.795,0.00015359
45.8,0.00021352
45.805,0.0002273
45.81,0.00021862
45.815,0.00019979
45.82,0.00016284
45.825,0.00011475
45.83,9.0118e-05
45.835,8.5701e-05
45.84,6.6243e-05
45.845,3.2528e-05
45.85,1.6157e-06
45.855,-1.557e-05
45.86,-4.0689e-05
45.865,-9.6298e-05
45.87,-0.00013633
45.875,-0.00014341
45.88,-0.00016367
45.885,-0.00019048
45.89,-0.000183
45.895,-0.0001567
45.9,-0.00015155
45.905,-0.00016981
45.91,-0.00019431
45.915,-0.00021693
45.92,-0.00024465
45.925,-0.00027534
45.93,-0.00027283
45.935,-0.00021844
45.94,-0.00014167
45.945,-6.9595e-05
45.95,7.2069e-06
45.955,9.0514e-05
45.96,0.00014801
45.965,0.00016664
45.97,0.0001575
45.975,0.00012962
45.98,8.3076e-05
45.985,1.2426e-05
45.99,-4.6339e-05
45.995,-6.1183e-05
46,-6.3114e-05
46.005,-5.5463e-05
46.01,-6.9888e-06
46.015,6.5267e-05
46.02,0.00012908
46.025,0.00017743
46.03,0.00021366
46.035,0.00023571
46.04,0.00022056
46.045,0.00016325
46.05,9.9851e-05
46.055,3.8865e-05
46.06,-4.0074e-05
46.065,-0.00011172
46.07,-0.00013861
46.075,-0.00013308
46.08,-0.00011164
46.085,-7.3147e-05
46.09,-1.483e-05
46.095,7.1258e-05
46.1,0.00014586
46.105,0.0001639
46.11,0.00015875
46.115,0.0001427
46.12,8.3399e-05
46.125,-1.6516e-05
46.13,-0.0001298
46.135,-0.00022184
46.14,-0.00030035
46.145,-0.0003847
46.15,-0.00043002
46.155,-0.00041259
46.16,-0.00035436
46.165,-0.00026702
46.17,-0.00016031
46.175,-4.2836e-05
46.18,5.7988e-05
46.185,0.0001098
46.19,0.00013032
46.195,0.0001351
46.2,9.4807e-05
46.205,8.4567e-06
46.21,-8.36e-05
46.215,-0.00016228
46.22,-0.00023605
46.225,-0.00029984
46.23,-0.00032207
46.235,-0.00029465
46.24,-0.00024693
46.245,-0.00019093
46.25,-0.0001205
46.255,-4.0225e-05
46.26,2.8442e-05
46.265,6.2463e-05
46.27,8.9277e-05
46.275,0.00014774
46.28,0.00020371
46.285,0.00023451
46.29,0.00028118
46.295,0.0003409
46.3,0.0003806
46.305,0.00039929
46.31,0.00040307
46.315,0.0004077
46.32,0.00040244
46.325,0.00036235
46.33,0.0003085
46.335,0.00024488
46.34,0.0001579
46.345,6.6497e-05
46.35,-1.063e-05
46.355,-6.259e-05
46.36,-8.6867e-05
46.365,-9.637e-05
46.37,-8.7221e-05
46.375,-4.5883e-05
46.38,5.6391e-06
46.385,5.1989e-05
46.39,0.00011636
46.395,0.00019137
46.4,0.00024236
46.405,0.0002682
46.41,0.00028692
46.415,0.0002967
46.42,0.00027549
46.425,0.00021816
46.43,0.00016234
46.435,0.00013253
46.44,0.00010166
46.445,6.5361e-05
46.45,5.2157e-05
46.455,6.0125e-05
46.46,6.8681e-05
46.465,6.3333e-05
46.47,4.7316e-05
46.475,3.1157e-05
46.48,1.6524e-06
46.485,-4.4602e-05
46.49,-8.1239e-05
46.495,-0.00010301
46.5,-0.00012981
46.505,-0.00015967
46.51,-0.00017931
46.515,-0.00019129
46.52,-0.00020541
46.525,-0.00022103
46.53,-0.00020323
46.535,-0.00014941
46.54,-0.00012
46.545,-0.00011914
46.55,-0.00010814
46.555,-9.9785e-05
46.56,-0.00012236
46.565,-0.00015728
46.57,-0.00017003
46.575,-0.00017544
46.58,-0.0001904
46.585,-0.00020346
46.59,-0.00021105
46.595,-0.00020561
46.6,-0.00020094
46.605,-0.00021269
46.61,-0.00020482
46.615,-0.00016308
46.62,-0.0001264
46.625,-0.0001134
46.63,-0.00010208
46.635,-8.5803e-05
46.64,-9.991e-05
46.645,-0.00014784
46.65,-0.00019361
46.655,-0.0002344
46.66,-0.00027626
46.665,-0.00031289
46.67,-0.00032501
46.675,-0.00029
46.68,-0.00023314
46.685,-0.00016688
46.69,-6.8469e-05
46.695,4.0254e-05
46.7,0.00011795
46.705,0.00014965
46.71,0.00015417
46.715,0.00014423
46.72,9.723e-05
46.725,2.5483e-05
46.73,-3.2552e-05
46.735,-7.161e-05
46.74,-9.9391e-05
46.745,-0.00011286
46.75,-9.0786e-05
46.755,-2.3013e-05
46.76,4.6423e-05
46.765,7.4978e-05
46.77,9.2043e-05
46.775,0.00010792
46.78,6.9725e-05
46.785,-1.1459e-05
46.79,-7.9633e-05
46.795,-0.00012877
46.8,-0.00016784
46.805,-0.00019212
46.81,-0.00018312
46.815,-0.0001338
46.82,-7.2014e-05
46.825,-2.0914e-05
46.83,3.1883e-05
46.835,0.00010504
46.84,0.00017766
46.845,0.00023029
46.85,0.00028049
46.855,0.00033291
46.86,0.00036287
46.865,0.00034224
46.87,0.00029431
46.875,0.00025708
46.88,0.00020599
46.885,0.00013906
46.89,9.9969e-05
46.895,9.3678e-05
46.9,8.9503e-05
46.905,7.4369e-05
46.91,6.8207e-05
46.915,7.4949e-05
46.92,7.5191e-05
46.925,6.5817e-05
46.93,6.128e-05
46.935,6.3878e-05
46.94,4.878e-05
46.945,1.1325e-06
46.95,-5.7214e-05
46.955,-9.2143e-05
46.96,-0.00011979
46.965,-0.00016515
46.97,-0.00017301
46.975,-0.00013107
46.98,-0.00010144
46.985,-8.3212e-05
46.99,-6.0507e-05
46.995,-3.5926e-05
47,-3.4047e-07
47.005,2.7446e-05
47.01,4.8872e-05
47.015,8.8256e-05
47.02,0.00012525
47.025,0.0001423
47.03,0.00016171
47.035,0.00020283
47.04,0.00024087
47.045,0.00023484
47.05,0.00019515
47.055,0.00015669
47.06,0.00011204
47.065,4.2571e-05
47.07,-2.095e-05
47.075,-5.1448e-05
47.08,-7.4354e-05
47.085,-8.9047e-05
47.09,-7.1142e-05
47.095,-3.8869e-05
47.1,-1.8791e-05
47.105,-1.891e-05
47.11,-2.4768e-05
47.115,-1.947e-05
47.12,-2.6978e-05
47.125,-5.5362e-05
47.13,-6.2443e-05
47.135,-3.9611e-05
47.14,-2.7955e-05
47.145,-3.8259e-05
47.15,-4.2826e-05
47.155,-4.1729e-05
47.16,-4.8274e-05
47.165,-4.8864e-05
47.17,-3.8052e-05
47.175,-1.6925e-05
47.18,5.3068e-06
47.185,2.6024e-06
47.19,-9.684e-07
47.195,2.0821e-05
47.2,3.1245e-05
47.205,2.6261e-05
47.21,3.6205e-05
47.215,5.7899e-05
47.22,7.4294e-05
47.225,6.5372e-05
47.23,4.2171e-05
47.235,3.3497e-05
47.24,7.1223e-06
47.245,-4.785e-05
47.25,-7.7198e-05
47.255,-8.1953e-05
47.26,-9.358e-05
47.265,-0.0001031
47.27,-9.8707e-05
47.275,-7.883e-05
47.28,-6.6377e-05
47.285,-8.2316e-05
47.29,-9.1279e-05
47.295,-8.3695e-05
47.3,-0.00010036
47.305,-0.00013257
47.31,-0.00014227
47.315,-0.00012725
47.32,-0.00011253
47.325,-9.9603e-05
47.33,-6.0776e-05
47.335,-1.0846e-05
47.34,1.1861e-05
47.345,6.2365e-06
47.35,-2.3272e-06
47.355,6.3884e-06
47.36,1.2025e-05
47.365,-9.5158e-06
47.37,-2.4751e-05
47.375,-4.0214e-06
47.38,3.629e-07
47.385,-4.0695e-05
47.39,-6.3123e-05
47.395,-5.6871e-05
47.4,-6.3053e-05
47.405,-6.4244e-05
47.41,-3.8791e-05
47.415,6.579e-06
47.42,4.8412e-05
47.425,6.5059e-05
47.43,7.3251e-05
47.435,8.4612e-05
47.44,7.3362e-05
47.445,3.3768e-05
47.45,5.472e-06
47.455,1.7655e-06
47.46,-7.787e-06
47.465,-2.0759e-05
47.47,-1.1354e-05
47.475,2.127e-05
47.48,6.1011e-05
47.485,8.7958e-05
47.49,0.00011781
47.495,0.00017654
47.5,0.00022029
47.505,0.00021814
47.51,0.00021632
47.515,0.00022176
47.52,0.00019496
47.525,0.00013243
47.53,5.8715e-05
47.535,6.4098e-06
47.54,-3.2801e-05
47.545,-9.6082e-05
47.55,-0.0001496
47.555,-0.00015349
47.56,-0.0001452
47.565,-0.00014002
47.57,-0.0001083
47.575,-4.8025e-05
47.58,1.5522e-05
47.585,5.7842e-05
47.59,9.4723e-05
47.595,0.00013441
47.6,0.00013754
47.605,0.00011155
47.61,8.7173e-05
47.615,6.3096e-05
47.62,3.4815e-05
47.625,-1.3772e-06
47.63,-3.1994e-05
47.635,-5.6243e-05
47.64,-8.9459e-05
47.645,-0.0001185
47.65,-0.0001216
47.655,-8.9604e-05
47.66,-4.1303e-05
47.665,-1.0784e-05
47.67,8.63e-06
47.675,3.9767e-05
47.68,4.8381e-05
47.685,1.1616e-05
47.69,-1.6904e-05
47.695,-1.6507e-05
47.7,-2.2401e-05
47.705,-3.6139e-05
47.71,-2.8877e-05
47.715,7.5627e-06
47.72,4.4653e-05
47.725,6.2958e-05
47.73,7.8647e-05
47.735,9.8708e-05
47.74,0.00011633
47.745,0.00012188
47.75,0.00011121
47.755,0.00011211
47.76,0.00012405
47.765,0.00011282
47.77,9.0338e-05
47.775,6.8102e-05
47.78,3.188e-05
47.785,-6.316e-06
47.79,-4.1788e-05
47.795,-7.8085e-05
47.8,-9.0903e-05
47.805,-0.00010741
47.81,-0.00014014
47.815,-0.00010869
47.82,-5.742e-05
47.825,-5.1301e-05
47.83,-6.3721e-06
47.835,5.4614e-05
47.84,5.4476e-05
47.845,3.1193e-05
47.85,3.6798e-05
47.855,6.09e-05
47.86,5.0137e-05
47.865,3.4644e-05
47.87,5.8737e-05
47.875,8.0066e-05
47.88,8.5068e-05
47.885,7.447e-05
47.89,5.4569e-05
47.895,5.0672e-05
47.9,3.3924e-05
47.905,-2.4618e-06
47.91,-1.4443e-05
47.915,-1.4399e-05
47.92,-3.3222e-05
47.925,-5.8122e-05
47.93,-7.7225e-05
47.935,-8.3376e-05
47.94,-8.2144e-05
47.945,-9.2062e-05
47.95,-8.7278e-05
47.955,-5.3093e-05
47.96,-3.3957e-05
47.965,-3.6598e-05
47.97,-2.0368e-05
47.975,1.0527e-05
47.98,1.9608e-05
47.985,1.0887e-05
47.99,1.3823e-05
47.995,2.7428e-05
48,1.6984e-05
48.005,-1.0019e-05
48.01,6.0449e-06
48.015,5.5002e-05
48.02,8.5431e-05
48.025,9.8406e-05
48.03,0.00011121
48.035,0.00012725
48.04,0.00011498
48.045,6.9396e-05
48.05,4.4797e-05
48.055,5.2257e-05
48.06,5.9969e-05
48.065,5.4086e-05
48.07,5.9942e-05
48.075,8.7638e-05
48.08,9.8574e-05
48.085,9.1174e-05
48.09,8.2973e-05
48.095,6.9855e-05
48.1,4.5919e-05
48.105,-3.1957e-06
48.11,-6.1151e-05
48.115,-0.00010332
48.12,-0.00014491
48.125,-0.00018905
48.13,-0.00020417
48.135,-0.00018282
48.14,-0.00016072
48.145,-0.00013485
48.15,-7.7556e-05
48.155,-1.3901e-05
48.16,3.6918e-05
48.165,5.7061e-05
48.17,4.3218e-05
48.175,4.2458e-05
48.18,1.8833e-05
48.185,-4.3433e-05
48.19,-9.9601e-05
48.195,-0.00017389
48.2,-0.00019809
48.205,-0.00019031
48.21,-0.00026285
48.215,-0.00028038
48.22,-0.0002151
48.225,-0.00017658
48.23,-0.00012422
48.235,-7.469e-05
48.24,-5.6401e-05
48.245,-5.2817e-05
48.25,-3.9339e-05
48.255,1.8636e-05
48.26,3.0759e-05
48.265,-3.3375e-05
48.27,-6.8604e-05
48.275,-6.4598e-05
48.28,-7.4514e-05
48.285,-0.00012027
48.29,-0.00016793
48.295,-0.00016995
48.3,-0.00015824
48.305,-0.0001556
48.31,-0.00013273
48.315,-9.1586e-05
48.32,-4.9606e-05
48.325,-2.5567e-05
48.33,-2.466e-05
48.335,-2.4308e-05
48.34,-3.3516e-05
48.345,-7.7369e-05
48.35,-0.00013105
48.355,-0.00015586
48.36,-0.00016844
48.365,-0.00018957
48.37,-0.00018402
48.375,-0.0001403
48.38,-9.4784e-05
48.385,-5.7089e-05
48.39,-1.8628e-05
48.395,1.8707e-05
48.4,4.1951e-05
48.405,3.1159e-05
48.41,7.1305e-06
48.415,8.6707e-06
48.42,1.6376e-05
48.425,8.8583e-07
48.43,-7.6606e-06
48.435,1.8204e-05
48.44,4.571e-05
48.445,5.5779e-05
48.45,7.5722e-05
48.455,0.00010804
48.46,0.00013109
48.465,0.00013838
48.47,0.00013001
48.475,0.00012014
48.48,0.00011554
48.485,0.00010271
48.49,0.00010403
48.495,9.4328e-05
48.5,5.7893e-05
48.505,0.0001055
48.51,0.00014953
48.515,7.6252e-05
48.52,8.074e-05
48.525,0.00016326
48.53,0.00017628
48.535,0.00019706
48.54,0.00022743
48.545,0.00020031
48.55,0.00018522
48.555,0.00022728
48.56,0.00024739
48.565,0.00020315
48.57,0.00016148
48.575,0.00014117
48.58,0.0001226
48.585,0.00011092
48.59,8.1569e-05
48.595,4.785e-05
48.6,4.204e-05
48.605,5.0392e-05
48.61,7.1124e-05
48.615,8.6207e-05
48.62,7.4989e-05
48.625,6.3101e-05
48.63,6.7233e-05
48.635,8.2135e-05
48.64,9.0155e-05
48.645,7.9684e-05
48.65,6.729e-05
48.655,5.9954e-05
48.66,4.8358e-05
48.665,3.4628e-05
48.67,1.7939e-05
48.675,2.9969e-07
48.68,-9.842e-06
48.685,-3.335e-05
48.69,-6.0462e-05
48.695,-5.7257e-05
48.7,-6.0172e-05
48.705,-7.7105e-05
48.71,-7.2892e-05
48.715,-7.3372e-05
48.72,-8.963e-05
48.725,-0.00010031
48.73,-9.475e-05
48.735,-5.8907e-05
48.74,-2.294e-05
48.745,-1.8053e-05
48.75,-6.2548e-06
48.755,2.4932e-05
48.76,3.1006e-05
48.765,6.8644e-06
48.77,-1.0059e-05
48.775,-1.4144e-05
48.78,-3.577e-05
48.785,-7.3451e-05
48.79,-8.7594e-05
48.795,-7.7619e-05
48.8,-7.7537e-05
48.805,-9.3374e-05
48.81,-9.9698e-05
48.815,-8.0961e-05
48.82,-6.4272e-05
48.825,-6.3169e-05
48.83,-5.0465e-05
48.835,-3.1286e-05
48.84,-3.1741e-05
48.845,-4.7889e-05
48.85,-5.6275e-05
48.855,-3.4319e-05
48.86,-4.1794e-06
48.865,2.3955e-06
48.87,2.4213e-05
48.875,8.3179e-05
48.88,0.00013251
48.885,0.00014954
48.89,0.00016213
48.895,0.00019484
48.9,0.00021865
48.905,0.00021649
48.91,0.00020511
48.915,0.000188
48.92,0.0001962
48.925,0.00018746
48.93,0.00011301
48.935,7.4301e-05
48.94,7.1863e-05
48.945,3.464e-05
48.95,1.6281e-05
48.955,1.5975e-05
48.96,-1.2541e-05
48.965,-4.1722e-05
48.97,-2.5076e-05
48.975,3.6689e-05
48.98,6.4216e-05
48.985,3.0319e-05
48.99,2.0105e-05
48.995,5.5881e-05
49,7.0218e-05
49.005,4.7383e-05
49.01,3.9435e-05
49.015,6.233e-05
49.02,6.6275e-05
49.025,3.1532e-05
49.03,-7.3242e-06
49.035,-3.7206e-05
49.04,-7.6117e-05
49.045,-0.00013092
49.05,-0.0001717
49.055,-0.00016771
49.06,-0.00014428
49.065,-0.00014086
49.07,-0.00013888
49.075,-0.0001082
49.08,-8.0922e-05
49.085,-8.0859e-05
49.09,-8.4056e-05
49.095,-9.4845e-05
49.1,-0.00012736
49.105,-0.0001768
49.11,-0.00021734
49.115,-0.00021199
49.12,-0.0001937
49.125,-0.00019527
49.13,-0.00017768
49.135,-0.00013065
49.14,-8.1642e-05
49.145,-5.4349e-05
49.15,-4.0433e-05
49.155,-7.2905e-06
49.16,1.8213e-05
49.165,-1.7227e-06
49.17,-3.4781e-05
49.175,-5.6138e-05
49.18,-8.0617e-05
49.185,-0.00010905
49.19,-0.00013744
49.195,-0.00015557
49.2,-0.00015363
49.205,-0.00016203
49.21,-0.00018735
49.215,-0.00019333
49.22,-0.00018652
49.225,-0.00019508
49.23,-0.00019758
49.235,-0.0001622
49.24,-0.00012074
49.245,-0.0001113
49.25,-0.00011159
49.255,-0.00010559
49.26,-0.00010439
49.265,-0.00010512
49.27,-9.7446e-05
49.275,-7.3013e-05
49.28,-5.1368e-05
49.285,-6.4016e-05
49.29,-8.4438e-05
49.295,-8.5503e-05
49.3,-7.8684e-05
49.305,-6.5393e-05
49.31,-7.3537e-05
49.315,-8.3613e-05
49.32,-2.8781e-05
49.325,1.5252e-05
49.33,-1.1222e-05
49.335,-3.8073e-06
49.34,6.1629e-05
49.345,0.00011298
49.35,0.00015117
49.355,0.00018199
49.36,0.00017597
49.365,0.00015988
49.37,0.00017501
49.375,0.00019605
49.38,0.00018833
49.385,0.00016538
49.39,0.0001568
49.395,0.00016196
49.4,0.00016012
49.405,0.00013826
49.41,0.00010348
49.415,8.1899e-05
49.42,7.2557e-05
49.425,6.6255e-05
49.43,8.0456e-05
49.435,9.9052e-05
49.44,9.2704e-05
49.445,7.5149e-05
49.45,6.7996e-05
49.455,7.0944e-05
49.46,6.9778e-05
49.465,6.3911e-05
49.47,6.623e-05
49.475,7.8352e-05
49.48,8.7756e-05
49.485,8.5849e-05
49.49,9.6123e-05
49.495,0.00012482
49.5,0.00013271
49.505,0.00011113
49.51,8.221e-05
49.515,6.3624e-05
49.52,5.1814e-05
49.525,2.7335e-05
49.53,1.369e-05
49.535,2.2305e-05
49.54,1.2234e-05
49.545,-3.79e-06
49.55,1.462e-05
49.555,3.5771e-05
49.56,2.7566e-05
49.565,1.1372e-05
49.57,-1.9297e-06
49.575,-1.6229e-05
49.58,-3.7075e-05
49.585,-6.5381e-05
49.59,-7.419e-05
49.595,-5.5148e-05
49.6,-3.8358e-05
49.605,-3.9109e-05
49.61,-3.2203e-05
49.615,1.0214e-06
49.62,2.5657e-05
49.625,2.5995e-05
49.63,3.8134e-05
49.635,5.5233e-05
49.64,3.6665e-05
49.645,-5.3925e-06
49.65,-2.8097e-05
49.655,-2.3293e-05
49.66,-1.5052e-05
49.665,-1.3439e-05
49.67,4.9337e-06
49.675,4.7362e-05
49.68,7.4283e-05
49.685,7.2827e-05
49.69,7.7635e-05
49.695,8.9226e-05
49.7,7.4784e-05
49.705,4.1269e-05
49.71,2.4162e-05
49.715,1.948e-05
49.72,-1.6106e-06
49.725,-4.2427e-05
49.73,-7.1234e-05
49.735,-6.5971e-05
49.74,-7.0344e-05
49.745,-9.5086e-05
49.75,-8.2967e-05
49.755,-5.4968e-05
49.76,-6.0594e-05
49.765,-6.7022e-05
49.77,-4.3445e-05
49.775,-7.6004e-06
49.78,1.7679e-05
49.785,1.562e-05
49.79,4.366e-06
49.795,2.5821e-05
49.8,5.3785e-05
49.805,4.3989e-05
49.81,2.7652e-05
49.815,3.7097e-05
49.82,5.0305e-05
49.825,3.9672e-05
49.83,3.3891e-05
49.835,6.2242e-05
49.84,7.2358e-05
49.845,5.3377e-05
49.85,6.5678e-05
49.855,8.9478e-05
49.86,8.0651e-05
49.865,6.6713e-05
49.87,5.5345e-05
49.875,3.6054e-05
49.88,1.8844e-05
49.885,-2.7993e-05
49.89,-8.2456e-05
49.895,-7.8903e-05
49.9,-7.0178e-05
49.905,-8.7118e-05
49.91,-7.9841e-05
49.915,-5.1104e-05
49.92,-2.5147e-05
49.925,-1.3493e-05
49.93,3.0815e-06
49.935,4.4353e-05
49.94,7.2567e-05
49.945,7.2449e-05
49.95,7.5432e-05
49.955,9.0339e-05
49.96,9.2483e-05
49.965,7.2437e-05
49.97,5.4914e-05
49.975,4.6778e-05
49.98,3.3713e-05
49.985,5.6748e-06
49.99,-2.727e-05
49.995,-2.8755e-05
50,-1.7188e-05
50.005,-3.9105e-05
50.01,-5.1782e-05
50.015,-2.2375e-05
50.02,-1.3537e-06
50.025,2.1386e-06
50.03,1.7417e-05
50.035,4.8138e-05
50.04,8.8684e-05
50.045,0.00010569
50.05,0.00010467
50.055,0.00013279
50.06,0.0001379
50.065,8.1911e-05
50.07,3.7515e-05
50.075,1.0065e-05
50.08,-4.2608e-05
50.085,-9.0254e-05
50.09,-0.00011187
50.095,-0.00012988
50.1,-0.00014534
50.105,-0.00014986
50.11,-0.00016204
50.115,-0.0001765
50.12,-0.00016951
50.125,-0.00017169
50.13,-0.0001915
50.135,-0.00018879
50.14,-0.00017164
50.145,-0.00016364
50.15,-0.00015292
50.155,-0.00012641
50.16,-9.2582e-05
50.165,-6.1261e-05
50.17,-2.5969e-05
50.175,9.5749e-06
50.18,3.2566e-05
50.185,4.3699e-05
50.19,4.0579e-05
50.195,2.2608e-05
50.2,-1.2222e-06
50.205,-4.3321e-05
50.21,-9.5818e-05
50.215,-0.00011317
50.22,-0.0001156
50.225,-0.00014369
50.23,-0.00015047
50.235,-0.00011216
50.24,-8.4862e-05
50.245,-7.8005e-05
50.25,-5.5128e-05
50.255,-2.076e-05
50.26,3.5331e-06
50.265,1.2144e-05
50.27,1.7033e-05
50.275,3.1312e-05
50.28,3.6325e-05
50.285,1.6939e-05
50.29,8.1386e-06
50.295,3.4982e-05
50.3,5.519e-05
50.305,4.4774e-05
50.31,4.5128e-05
50.315,7.5812e-05
50.32,0.00010519
50.325,0.00010583
50.33,9.8268e-05
50.335,0.0001035
50.34,0.00010101
50.345,9.2786e-05
50.35,9.8966e-05
50.355,0.00011469
50.36,0.00012113
50.365,0.00010757
50.37,9.952e-05
50.375,0.00010293
50.38,7.9995e-05
50.385,3.0261e-05
50.39,-2.5973e-06
50.395,-9.8807e-06
50.4,-3.5372e-05
50.405,-6.8258e-05
50.41,-6.4021e-05
50.415,-4.6425e-05
50.42,-3.2204e-05
50.425,-1.3172e-05
50.43,6.0968e-06
50.435,2.9501e-05
50.44,5.0981e-05
50.445,5.8859e-05
50.45,5.4596e-05
50.455,6.4758e-05
50.46,8.0755e-05
50.465,4.4419e-05
50.47,-5.1886e-06
50.475,-8.4067e-06
50.48,-1.3177e-05
50.485,-2.8133e-05
50.49,-1.5505e-05
50.495,9.1947e-06
50.5,2.7614e-05
50.505,3.6427e-05
50.51,4.5799e-05
50.515,7.3978e-05
50.52,9.1104e-05
50.525,6.9389e-05
50.53,4.0319e-05
50.535,2.0789e-05
50.54,-7.1876e-06
50.545,-4.8577e-05
50.55,-7.4944e-05
50.555,-5.8468e-05
50.56,-3.5783e-05
50.565,-3.9581e-05
50.57,-3.4414e-05
50.575,-4.6687e-06
50.58,2.0825e-05
50.585,3.5956e-05
50.59,6.3758e-05
50.595,0.0001107
50.6,0.00014805
50.605,0.00013955
50.61,0.00011276
50.615,0.00011525
50.62,0.00011111
50.625,8.4538e-05
50.63,7.6357e-05
50.635,8.0556e-05
50.64,7.7762e-05
50.645,7.1396e-05
50.65,7.2374e-05
50.655,9.3639e-05
50.66,0.00012238
50.665,0.000119
50.67,8.9024e-05
50.675,8.3692e-05
50.68,8.2205e-05
50.685,5.2279e-05
50.69,3.9152e-05
50.695,5.2218e-05
50.7,5.6875e-05
50.705,4.4287e-05
50.71,3.5257e-05
50.715,4.6909e-05
50.72,3.8106e-05
50.725,-6.5484e-06
50.73,-4.3284e-05
50.735,-6.9747e-05
50.74,-9.6056e-05
50.745,-0.00012573
50.75,-0.0001616
50.755,-0.00017065
50.76,-0.00015803
50.765,-0.00015438
50.77,-0.00012952
50.775,-7.2821e-05
50.78,-2.5691e-05
50.785,4.6157e-06
50.79,3.5304e-05
50.795,5.8867e-05
50.8,5.8275e-05
50.805,2.7493e-05
50.81,-1.1911e-05
50.815,-2.4668e-05
50.82,-2.2047e-05
50.825,-3.848e-05
50.83,-5.7661e-05
50.835,-4.9423e-05
50.84,-3.8679e-05
50.845,-5.3776e-05
50.85,-6.1684e-05
50.855,-4.4926e-05
50.86,-4.1422e-05
50.865,-5.2846e-05
50.87,-4.622e-05
50.875,-2.7494e-05
50.88,-1.7738e-05
50.885,-2.3556e-05
50.89,-4.5738e-05
50.895,-5.4892e-05
50.9,-4.0552e-05
50.905,-4.8219e-05
50.91,-6.5468e-05
50.915,-5.134e-05
50.92,-5.2626e-05
50.925,-8.7837e-05
50.93,-9.4526e-05
50.935,-7.3398e-05
50.94,-7.1154e-05
50.945,-7.6922e-05
50.95,-6.7755e-05
50.955,-4.7487e-05
50.96,-3.075e-05
50.965,-2.8519e-05
50.97,-2.1255e-05
50.975,-4.9246e-06
50.98,-1.17e-05
50.985,-4.4862e-05
50.99,-7.702e-05
50.995,-8.9228e-05
51,-0.00010112
51.005,-0.00012967
51.01,-0.0001411
51.015,-0.00013021
51.02,-0.00012282
51.025,-0.00011544
51.03,-9.645e-05
51.035,-6.2334e-05
51.04,-3.6518e-05
51.045,-3.3247e-05
51.05,-3.014e-05
51.055,-2.2833e-05
51.06,-2.8111e-05
51.065,-5.3046e-05
51.07,-7.2084e-05
51.075,-7.3353e-05
51.08,-9.1385e-05
51.085,-0.0001188
51.09,-0.00011747
51.095,-9.72e-05
51.1,-8.421e-05
51.105,-7.6406e-05
51.11,-5.2077e-05
51.115,-1.3387e-05
51.12,6.7411e-06
51.125,9.4088e-07
51.13,-5.5984e-06
51.135,-2.2752e-06
51.14,-5.7829e-06
51.145,-2.7052e-05
51.15,-3.7923e-05
51.155,-1.7262e-05
51.16,-6.2334e-06
51.165,-3.0892e-05
51.17,-4.5131e-05
51.175,-3.3423e-05
51.18,-3.4887e-05
51.185,-4.5813e-05
51.19,-4.6646e-05
51.195,-4.4906e-05
51.2,-4.8609e-05
51.205,-7.0045e-05
51.21,-9.0046e-05
51.215,-8.4485e-05
51.22,-8.1469e-05
51.225,-9.1458e-05
51.23,-8.9845e-05
51.235,-6.7753e-05
51.24,-4.2434e-05
51.245,-2.8513e-05
51.25,-7.0887e-06
51.255,2.3233e-05
51.26,3.5488e-05
51.265,3.3768e-05
51.27,3.3741e-05
51.275,3.6431e-05
51.28,3.1045e-05
51.285,1.0428e-06
51.29,-2.9755e-05
51.295,-2.8925e-05
51.3,-2.1891e-05
51.305,-2.48e-05
51.31,-6.3221e-06
51.315,4.5775e-05
51.32,0.0001005
51.325,0.00012298
51.33,0.00013265
51.335,0.00016778
51.34,0.00020297
51.345,0.0002075
51.35,0.00020784
51.355,0.00022335
51.36,0.00023178
51.365,0.00021782
51.37,0.00019989
51.375,0.00019746
51.38,0.00019881
51.385,0.0001853
51.39,0.00017019
51.395,0.00016725
51.4,0.00015398
51.405,0.00012696
51.41,0.00012228
51.415,0.00013848
51.42,0.00014472
51.425,0.00014645
51.43,0.00015307
51.435,0.00016009
51.44,0.00015943
51.445,0.00013643
51.45,0.00011045
51.455,0.0001024
51.46,9.5445e-05
51.465,8.2197e-05
51.47,7.3514e-05
51.475,7.7046e-05
51.48,7.4841e-05
51.485,5.8845e-05
51.49,6.182e-05
51.495,8.4885e-05
51.5,8.9758e-05
51.505,7.0593e-05
51.51,6.1943e-05
51.515,7.032e-05
51.52,6.4579e-05
51.525,4.244e-05
51.53,3.0681e-05
51.535,4.3081e-05
51.54,5.4611e-05
51.545,4.7517e-05
51.55,4.8629e-05
51.555,6.0768e-05
51.56,6.5084e-05
51.565,5.716e-05
51.57,4.3698e-05
51.575,4.2896e-05
51.58,3.8843e-05
51.585,1.105e-05
51.59,-1.0412e-05
51.595,-3.9541e-06
51.6,2.5566e-06
51.605,-1.8302e-05
51.61,-2.9299e-05
51.615,2.8644e-07
51.62,1.6437e-05
51.625,4.2681e-06
51.63,1.2232e-05
51.635,2.402e-05
51.64,8.1295e-06
51.645,-1.4071e-05
51.65,-2.8073e-05
51.655,-3.5796e-05
51.66,-4.9716e-05
51.665,-7.6385e-05
51.67,-8.4818e-05
51.675,-7.1673e-05
51.68,-7.1175e-05
51.685,-8.1035e-05
51.69,-7.606e-05
51.695,-5.5459e-05
51.7,-4.5992e-05
51.705,-5.4569e-05
51.71,-5.4226e-05
51.715,-4.0426e-05
51.72,-3.6896e-05
51.725,-5.114e-05
51.73,-6.2477e-05
51.735,-6.1747e-05
51.74,-6.6379e-05
51.745,-8.7567e-05
51.75,-0.00011052
51.755,-0.00010852
51.76,-9.4918e-05
51.765,-9.5295e-05
51.77,-8.5842e-05
51.775,-5.4014e-05
51.78,-3.1637e-05
51.785,-2.846e-05
51.79,-1.9871e-05
51.795,-9.4098e-06
51.8,-1.5255e-05
51.805,-2.4433e-05
51.81,-3.1006e-05
51.815,-3.6152e-05
51.82,-4.0495e-05
51.825,-5.8686e-05
51.83,-7.393e-05
51.835,-6.706e-05
51.84,-6.2033e-05
51.845,-6.8984e-05
51.85,-6.6359e-05
51.855,-3.6882e-05
51.86,-6.0805e-06
51.865,-6.2426e-06
51.87,-4.2181e-06
51.875,1.4986e-05
51.88,1.6746e-05
51.885,-2.0296e-06
51.89,-2.8299e-05
51.895,-3.8471e-05
51.9,-3.737e-05
51.905,-6.2393e-05
51.91,-8.0985e-05
51.915,-6.6075e-05
51.92,-5.9562e-05
51.925,-6.9566e-05
51.93,-7.2071e-05
51.935,-6.3903e-05
51.94,-5.5242e-05
51.945,-5.4163e-05
51.95,-5.3223e-05
51.955,-4.4309e-05
51.96,-4.0285e-05
51.965,-5.4162e-05
51.97,-7.6768e-05
51.975,-8.4497e-05
51.98,-8.0044e-05
51.985,-9.173e-05
51.99,-9.7905e-05
51.995,-6.9121e-05
52,-4.3938e-05
52.005,-4.8792e-05
52.01,-5.0894e-05
52.015,-2.6829e-05
52.02,-1.5823e-05
52.025,-4.1244e-05
52.03,-5.3122e-05
52.035,-4.6031e-05
52.04,-6.1575e-05
52.045,-9.5607e-05
52.05,-0.00012839
52.055,-0.00014004
52.06,-0.00013299
52.065,-0.00014024
52.07,-0.0001503
52.075,-0.00013194
52.08,-9.9941e-05
52.085,-8.3454e-05
52.09,-7.3257e-05
52.095,-4.0501e-05
52.1,-1.0356e-05
52.105,-1.9199e-05
52.11,-3.2579e-05
52.115,-1.8847e-05
52.12,-1.3216e-05
52.125,-4.2397e-05
52.13,-7.1569e-05
52.135,-7.7327e-05
52.14,-8.1325e-05
52.145,-8.7936e-05
52.15,-8.3486e-05
52.155,-6.4957e-05
52.16,-4.4526e-05
52.165,-3.6382e-05
52.17,-2.3066e-05
52.175,1.6442e-06
52.18,8.7513e-06
52.185,1.7564e-06
52.19,5.1478e-07
52.195,3.4862e-06
52.2,9.2314e-06
52.205,4.3843e-06
52.21,-7.7044e-06
52.215,7.5158e-06
52.22,3.2657e-05
52.225,3.0601e-05
52.23,2.8844e-05
52.235,5.0728e-05
52.24,6.5583e-05
52.245,5.4525e-05
52.25,4.8641e-05
52.255,6.736e-05
52.26,8.1829e-05
52.265,7.8232e-05
52.27,7.6873e-05
52.275,9.8444e-05
52.28,0.00012122
52.285,0.00011099
52.29,0.00010655
52.295,0.00012151
52.3,0.00011566
52.305,0.00010574
52.31,0.00010476
52.315,0.00010503
52.32,0.00010821
52.325,0.00010199
52.33,0.00010289
52.335,0.00011969
52.34,0.00012352
52.345,0.00011628
52.35,0.00011997
52.355,0.00013368
52.36,0.00014015
52.365,0.00013408
52.37,0.00013093
52.375,0.00013637
52.38,0.00013403
52.385,0.00011534
52.39,9.9676e-05
52.395,0.00010116
52.4,9.8109e-05
52.405,7.9581e-05
52.41,7.1357e-05
52.415,7.6409e-05
52.42,7.0262e-05
52.425,5.1e-05
52.43,3.6276e-05
52.435,3.5822e-05
52.44,3.5845e-05
52.445,2.6799e-05
52.45,2.1628e-05
52.455,2.2331e-05
52.46,1.9996e-05
52.465,8.8124e-06
52.47,-6.7829e-06
52.475,-9.2559e-06
52.48,-4.3629e-07
52.485,1.9501e-06
52.49,9.2661e-06
52.495,4.0982e-05
52.5,6.6346e-05
52.505,6.1489e-05
52.51,6.9668e-05
52.515,9.6813e-05
52.52,9.8598e-05
52.525,8.7285e-05
52.53,8.8636e-05
52.535,8.9513e-05
52.54,7.6522e-05
52.545,5.0087e-05
52.55,3.1221e-05
52.555,3.246e-05
52.56,2.5615e-05
52.565,-1.1764e-06
52.57,-1.3201e-05
52.575,-1.422e-06
52.58,1.1825e-06
52.585,-1.0938e-05
52.59,-1.393e-05
52.595,4.8869e-06
52.6,2.9235e-05
52.605,3.1476e-05
52.61,2.8147e-05
52.615,4.945e-05
52.62,6.3933e-05
52.625,3.7751e-05
52.63,1.351e-05
52.635,1.376e-05
52.64,-1.0442e-05
52.645,-5.6842e-05
52.65,-8.3147e-05
52.655,-9.2696e-05
52.66,-0.00010255
52.665,-0.00011465
52.67,-0.00011392
52.675,-9.2446e-05
52.68,-6.6202e-05
52.685,-4.7206e-05
52.69,-2.7561e-05
52.695,6.8624e-06
52.7,3.6656e-05
52.705,3.0825e-05
52.71,9.2375e-06
52.715,1.4577e-07
52.72,-1.5224e-05
52.725,-5.389e-05
52.73,-8.9454e-05
52.735,-0.00010034
52.74,-0.00010636
52.745,-0.00010934
52.75,-8.797e-05
52.755,-5.7527e-05
52.76,-3.2035e-05
52.765,-2.1397e-05
52.77,-2.6267e-05
52.775,-4.5994e-06
52.78,1.6529e-05
52.785,-9.5127e-06
52.79,-2.8029e-05
52.795,-1.8361e-05
52.8,-1.8201e-05
52.805,-3.538e-05
52.81,-6.0272e-05
52.815,-6.4045e-05
52.82,-4.995e-05
52.825,-5.5111e-05
52.83,-5.7363e-05
52.835,-3.1894e-05
52.84,-1.4802e-05
52.845,-2.5351e-05
52.85,-3.4061e-05
52.855,-2.5567e-05
52.86,-2.7276e-05
52.865,-4.2567e-05
52.87,-3.9125e-05
52.875,-2.355e-05
52.88,-1.6119e-05
52.885,-1.2646e-05
52.89,-1.2087e-05
52.895,-4.735e-06
52.9,1.9806e-06
52.905,-1.7153e-05
52.91,-3.1706e-05
52.915,-1.6514e-05
52.92,-1.0826e-05
52.925,-2.6248e-05
52.93,-3.3695e-05
52.935,-2.8192e-05
52.94,-1.7639e-05
52.945,-1.454e-05
52.95,-2.6661e-05
52.955,-1.6141e-05
52.96,2.3081e-05
52.965,3.027e-05
52.97,1.5388e-05
52.975,2.9596e-05
52.98,4.5899e-05
52.985,3.5977e-05
52.99,2.4678e-05
52.995,2.3043e-05
53,1.1357e-05
53.005,-1.5322e-05
53.01,-3.5494e-05
53.015,-3.8895e-05
53.02,-3.7623e-05
53.025,-3.5168e-05
53.03,-2.4375e-05
53.035,-6.4679e-06
53.04,1.8485e-05
53.045,3.5686e-05
53.05,3.6353e-05
53.055,5.5095e-05
53.06,7.2487e-05
53.065,4.6366e-05
53.07,2.3089e-05
53.075,1.8557e-05
53.08,-2.9042e-06
53.085,-3.6612e-05
53.09,-6.4826e-05
53.095,-6.7722e-05
53.1,-5.9417e-05
53.105,-7.1433e-05
53.11,-7.4242e-05
53.115,-5.4483e-05
53.12,-4.3858e-05
53.125,-4.1421e-05
53.13,-3.2343e-05
53.135,-1.3622e-05
53.14,3.2375e-06
53.145,4.7604e-07
53.15,-3.3649e-06
53.155,1.0251e-05
53.16,1.9833e-05
53.165,1.3973e-05
53.17,9.0989e-06
53.175,1.6841e-05
53.18,2.2767e-05
53.185,8.2732e-06
53.19,-8.6167e-06
53.195,-8.3394e-06
53.2,-1.4419e-05
53.205,-3.5856e-05
53.21,-4.4808e-05
53.215,-3.7424e-05
53.22,-3.0891e-05
53.225,-3.398e-05
53.23,-3.5788e-05
53.235,-1.3811e-05
53.24,1.0164e-05
53.245,1.0138e-05
53.25,2.2577e-05
53.255,5.6151e-05
53.26,6.9685e-05
53.265,7.0297e-05
53.27,8.4498e-05
53.275,0.00010441
53.28,0.00012197
53.285,0.00012716
53.29,0.00011866
53.295,0.00012133
53.3,0.00011954
53.305,8.1927e-05
53.31,4.4782e-05
53.315,3.5163e-05
53.32,1.6919e-05
53.325,-2.0566e-05
53.33,-3.8416e-05
53.335,-3.6916e-05
53.34,-4.9141e-05
53.345,-5.8648e-05
53.35,-4.8375e-05
53.355,-3.3346e-05
53.36,-2.1424e-05
53.365,-1.8967e-05
53.37,-1.5792e-05
53.375,-1.6463e-06
53.38,4.5576e-06
53.385,-7.5331e-06
53.39,-1.4949e-05
53.395,-4.7187e-06
53.4,-4.2732e-06
53.405,-2.1149e-05
53.41,-2.8588e-05
53.415,-2.206e-05
53.42,-2.3253e-05
53.425,-3.7678e-05
53.43,-4.1902e-05
53.435,-3.0458e-05
53.44,-2.4759e-05
53.445,-3.325e-05
53.45,-3.4261e-05
53.455,-1.5943e-05
53.46,-1.6902e-05
53.465,-5.0996e-05
53.47,-7.7754e-05
53.475,-8.42e-05
53.48,-9.0199e-05
53.485,-0.00010586
53.49,-0.00011431
53.495,-0.0001003
53.5,-8.5767e-05
53.505,-9.1511e-05
53.51,-9.9746e-05
53.515,-8.4962e-05
53.52,-6.8317e-05
53.525,-7.3834e-05
53.53,-7.2282e-05
53.535,-5.6887e-05
53.54,-5.1035e-05
53.545,-5.7528e-05
53.55,-6.2518e-05
53.555,-4.2902e-05
53.56,-1.7991e-05
53.565,-1.5217e-05
53.57,-5.8522e-06
53.575,1.7789e-05
53.58,2.6152e-05
53.585,1.8354e-05
53.59,1.413e-05
53.595,1.9797e-05
53.6,2.2181e-05
53.605,9.5607e-06
53.61,2.3568e-06
53.615,1.692e-05
53.62,2.447e-05
53.625,1.0114e-05
53.63,2.2487e-06
53.635,1.835e-05
53.64,3.0442e-05
53.645,1.3785e-05
53.65,-7.4414e-07
53.655,8.8583e-06
53.66,1.3053e-05
53.665,-7.5331e-06
53.67,-2.5888e-05
53.675,-2.1412e-05
53.68,-1.9286e-05
53.685,-2.596e-05
53.69,-2.3682e-05
53.695,-9.4801e-06
53.7,1.5931e-05
53.705,3.0469e-05
53.71,3.5352e-05
53.715,5.8926e-05
53.72,7.6306e-05
53.725,6.3306e-05
53.73,4.7525e-05
53.735,5.0505e-05
53.74,4.6756e-05
53.745,1.2857e-05
53.75,-1.6947e-05
53.755,-1.4715e-05
53.76,-5.3721e-06
53.765,-1.3309e-05
53.77,-1.365e-05
53.775,1.6906e-05
53.78,3.6466e-05
53.785,2.1857e-05
53.79,1.0693e-05
53.795,2.3224e-05
53.8,4.3047e-05
53.805,4.4757e-05
53.81,2.9769e-05
53.815,2.7853e-05
53.82,3.7644e-05
53.825,3.345e-05
53.83,2.8611e-05
53.835,4.1641e-05
53.84,5.5269e-05
53.845,5.6201e-05
53.85,5.6353e-05
53.855,7.3158e-05
53.86,8.8547e-05
53.865,8.4825e-05
53.87,8.6469e-05
53.875,9.5232e-05
53.88,9.7271e-05
53.885,8.7623e-05
53.89,6.6139e-05
53.895,5.6153e-05
53.9,5.1962e-05
53.905,3.3915e-05
53.91,1.6065e-05
53.915,1.3187e-05
53.92,1.7867e-05
53.925,4.0102e-06
53.93,-6.9368e-06
53.935,1.5852e-05
53.94,3.1633e-05
53.945,2.7564e-05
53.95,3.0767e-05
53.955,4.2492e-05
53.96,5.0638e-05
53.965,3.814e-05
53.97,2.1203e-05
53.975,2.6197e-05
53.98,3.0428e-05
53.985,1.5427e-05
53.99,4.7727e-06
53.995,1.6988e-05
54,3.2234e-05
54.005,2.6353e-05
54.01,2.7251e-05
54.015,5.3382e-05
54.02,6.2833e-05
54.025,5.2822e-05
54.03,4.7201e-05
54.035,4.7784e-05
54.04,5.3504e-05
54.045,3.2914e-05
54.05,5.7146e-06
54.055,1.8033e-05
54.06,2.5862e-05
54.065,9.9093e-06
54.07,7.3242e-06
54.075,1.6136e-05
54.08,1.4243e-05
54.085,7.3802e-07
54.09,-6.998e-06
54.095,-1.1346e-06
54.1,3.3445e-06
54.105,-7.525e-06
54.11,-1.6002e-05
54.115,-5.7798e-06
54.12,-2.9052e-07
54.125,-1.0836e-05
54.13,-1.6897e-05
54.135,-6.8073e-06
54.14,6.473e-07
54.145,-1.1349e-05
54.15,-1.3592e-05
54.155,1.4934e-06
54.16,2.6432e-06
54.165,-4.4934e-06
54.17,-3.9011e-06
54.175,1.2948e-05
54.18,3.6172e-05
54.185,2.891e-05
54.19,8.7288e-06
54.195,1.6455e-05
54.2,2.8747e-05
54.205,1.3076e-05
54.21,-1.18e-05
54.215,-2.5842e-05
54.22,-4.6595e-05
54.225,-7.7006e-05
54.23,-9.0929e-05
54.235,-8.0931e-05
54.24,-7.6992e-05
54.245,-9.6927e-05
54.25,-9.8978e-05
54.255,-6.8314e-05
54.26,-5.2234e-05
54.265,-5.7586e-05
54.27,-6.0733e-05
54.275,-5.4526e-05
54.28,-4.5516e-05
54.285,-5.5628e-05
54.29,-6.8189e-05
54.295,-5.9955e-05
54.3,-5.1331e-05
54.305,-4.7701e-05
54.31,-4.2637e-05
54.315,-2.4102e-05
54.32,-1.3394e-06
54.325,-6.0163e-06
54.33,-5.948e-06
54.335,6.1896e-06
54.34,-8.2528e-06
54.345,-2.7943e-05
54.35,-4.053e-05
54.355,-4.8078e-05
54.36,-4.7406e-05
54.365,-5.7704e-05
54.37,-5.5819e-05
54.375,-3.1146e-05
54.38,-1.9878e-05
54.385,-1.7302e-05
54.39,-4.9817e-06
54.395,1.7916e-05
54.4,3.5897e-05
54.405,3.345e-05
54.41,3.7561e-05
54.415,5.7444e-05
54.42,5.948e-05
54.425,4.2862e-05
54.43,4.1004e-05
54.435,5.7083e-05
54.44,6.1228e-05
54.445,4.7799e-05
54.45,3.7848e-05
54.455,4.3154e-05
54.46,4.6451e-05
54.465,2.782e-05
54.47,1.4285e-05
54.475,2.0538e-05
54.48,1.5829e-05
54.485,-2.6544e-06
54.49,-1.7188e-05
54.495,-1.9973e-05
54.5,-1.9485e-05
54.505,-3.8135e-05
54.51,-5.6048e-05
54.515,-4.5932e-05
54.52,-3.8573e-05
54.525,-5.3828e-05
54.53,-6.1791e-05
54.535,-4.3167e-05
54.54,-2.5262e-05
54.545,-3.3878e-05
54.55,-4.0954e-05
54.555,-2.7611e-05
54.56,-2.704e-05
54.565,-4.4488e-05
54.57,-4.8806e-05
54.575,-4.4072e-05
54.58,-4.8102e-05
54.585,-5.902e-05
54.59,-6.8411e-05
54.595,-6.1034e-05
54.6,-5.1383e-05
54.605,-5.825e-05
54.61,-5.201e-05
54.615,-2.8224e-05
54.62,-1.2766e-05
54.625,-1.0788e-05
54.63,-1.4433e-05
54.635,-9.5209e-07
54.64,1.6571e-05
54.645,6.6269e-06
54.65,-3.9348e-07
54.655,1.5598e-05
54.66,2.4383e-05
54.665,1.7915e-05
54.67,5.9103e-06
54.675,9.8369e-07
54.68,2.0402e-05
54.685,3.7057e-05
54.69,2.5485e-05
54.695,1.7035e-05
54.7,1.6634e-05
54.705,1.7584e-06
54.71,-1.2833e-05
54.715,-7.9541e-06
54.72,5.7023e-06
54.725,7.9694e-06
54.73,7.7064e-07
54.735,-4.1182e-07
54.74,-5.7187e-07
54.745,-9.6035e-06
54.75,-1.2167e-05
54.755,1.8226e-06
54.76,1.3414e-05
54.765,9.6279e-06
54.77,6.0765e-06
54.775,1.8513e-05
54.78,2.3275e-05
54.785,1.0194e-08
54.79,-1.8402e-05
54.795,-1.4671e-05
54.8,-1.1219e-05
54.805,-1.6064e-05
54.81,-2.2186e-05
54.815,-1.8477e-05
54.82,-7.4343e-06
54.825,-6.3303e-06
54.83,-1.2158e-05
54.835,-1.0075e-05
54.84,-4.7472e-06
54.845,-1.5706e-05
54.85,-2.8674e-05
54.855,-1.5992e-05
54.86,-8.1733e-06
54.865,-2.2859e-05
54.87,-2.1525e-05
54.875,-3.3996e-06
54.88,5.632e-06
54.885,8.0612e-06
54.89,6.2762e-06
54.895,1.0414e-05
54.9,2.4228e-05
54.905,1.3266e-05
54.91,-1.0343e-05
54.915,-2.8736e-06
54.92,5.6249e-06
54.925,-1.1704e-05
54.93,-1.3539e-05
54.935,1.4709e-05
54.94,3.289e-05
54.945,3.6674e-05
54.95,4.6899e-05
54.955,5.4946e-05
54.96,6.9421e-05
54.965,8.0993e-05
54.97,6.5333e-05
54.975,6.1317e-05
54.98,6.6469e-05
54.985,4.1038e-05
54.99,2.8138e-05
54.995,4.487e-05
55,4.2172e-05
55.005,2.5322e-05
55.01,2.8341e-05
55.015,4.4e-05
55.02,5.4749e-05
55.025,5.6305e-05
55.03,5.301e-05
55.035,6.8287e-05
55.04,9.1351e-05
55.045,8.0519e-05
55.05,6.5603e-05
55.055,7.0158e-05
55.06,5.9417e-05
55.065,3.768e-05
55.07,2.2084e-05
55.075,1.9487e-05
55.08,2.4349e-05
55.085,1.2018e-05
55.09,1.5291e-06
55.095,1.4743e-05
55.1,2.6863e-05
55.105,2.1772e-05
55.11,1.4785e-05
55.115,2.2786e-05
55.12,2.9598e-05
55.125,1.4981e-05
55.13,6.6259e-08
55.135,6.5036e-07
55.14,-2.1448e-06
55.145,-1.2445e-05
55.15,-1.5826e-05
55.155,-6.5372e-06
55.16,8.7513e-06
55.165,1.6333e-05
55.17,2.435e-05
55.175,4.2536e-05
55.18,5.2437e-05
55.185,5.254e-05
55.19,5.331e-05
55.195,4.8681e-05
55.2,3.7778e-05
55.205,1.9048e-05
55.21,-4.2671e-06
55.215,-1.6435e-05
55.22,-2.2487e-05
55.225,-3.7284e-05
55.23,-5.0923e-05
55.235,-5.047e-05
55.24,-5.0829e-05
55.245,-6.3314e-05
55.25,-7.0034e-05
55.255,-5.9231e-05
55.26,-4.899e-05
55.265,-5.5585e-05
55.27,-5.6574e-05
55.275,-3.6367e-05
55.28,-1.9833e-05
55.285,-2.0972e-05
55.29,-2.097e-05
55.295,-1.7085e-06
55.3,1.0633e-05
55.305,-2.3017e-06
55.31,-8e-06
55.315,-8.685e-07
55.32,-2.5005e-06
55.325,-1.8319e-05
55.33,-3.0482e-05
55.335,-2.0984e-05
55.34,-1.6243e-05
55.345,-3.0562e-05
55.35,-3.7125e-05
55.355,-2.9051e-05
55.36,-2.4674e-05
55.365,-3.4475e-05
55.37,-3.5343e-05
55.375,-7.0357e-06
55.38,1.4792e-05
55.385,5.8838e-06
55.39,2.263e-07
55.395,1.167e-05
55.4,1.6981e-05
55.405,3.685e-06
55.41,-1.2466e-05
55.415,-4.7737e-06
55.42,7.5912e-06
55.425,-6.3578e-06
55.43,-1.7808e-05
55.435,-3.052e-06
55.44,5.5046e-06
55.445,-8.3639e-06
55.45,-1.1469e-05
55.455,3.3863e-06
55.46,8.5046e-06
55.465,6.261e-06
55.47,5.1121e-06
55.475,7.3843e-06
55.48,1.9451e-05
55.485,1.4843e-05
55.49,2.6402e-07
55.495,2.3672e-05
55.5,4.9114e-05
55.505,3.5115e-05
55.51,3.3481e-05
55.515,6.0808e-05
55.52,7.2651e-05
55.525,6.3786e-05
55.53,5.9293e-05
55.535,7.2224e-05
55.54,8.5002e-05
55.545,7.4524e-05
55.55,6.2817e-05
55.555,7.1195e-05
55.56,7.6168e-05
55.565,5.4579e-05
55.57,2.6405e-05
55.575,2.063e-05
55.58,1.4894e-05
55.585,-1.2072e-05
55.59,-3.5877e-05
55.595,-4.4183e-05
55.6,-4.939e-05
55.605,-6.1315e-05
55.61,-7.1828e-05
55.615,-6.0836e-05
55.62,-3.6037e-05
55.625,-2.4245e-05
55.63,-2.0166e-05
55.635,-3.7859e-06
55.64,1.5978e-05
55.645,1.3612e-05
55.65,-3.8756e-06
55.655,-2.7329e-06
55.66,-2.002e-06
55.665,-3.0638e-05
55.67,-5.0576e-05
55.675,-4.7274e-05
55.68,-4.7555e-05
55.685,-5.8504e-05
55.69,-7.6487e-05
55.695,-7.021e-05
55.7,-4.2444e-05
55.705,-4.9469e-05
55.71,-6.3922e-05
55.715,-4.3361e-05
55.72,-2.8487e-05
55.725,-3.352e-05
55.73,-3.5799e-05
55.735,-2.4094e-05
55.74,-9.371e-06
55.745,-1.5689e-05
55.75,-2.0296e-05
55.755,-1.8104e-06
55.76,1.348e-05
55.765,1.7944e-05
55.77,2.0219e-05
55.775,2.3938e-05
55.78,3.3621e-05
55.785,3.0514e-05
55.79,1.294e-05
55.795,1.7331e-05
55.8,2.9422e-05
55.805,1.2855e-05
55.81,-3.7125e-06
55.815,3.9551e-07
55.82,2.9704e-06
55.825,-4.7034e-06
55.83,-1.4615e-05
55.835,-1.1038e-05
55.84,-3.527e-06
55.845,-1.9329e-05
55.85,-3.6742e-05
55.855,-2.8758e-05
55.86,-1.7867e-05
55.865,-2.6268e-05
55.87,-3.8205e-05
55.875,-3.1732e-05
55.88,-2.3514e-05
55.885,-3.2619e-05
55.89,-4.1145e-05
55.895,-3.3595e-05
55.9,-2.3338e-05
55.905,-3.1946e-05
55.91,-4.4358e-05
55.915,-3.9177e-05
55.92,-4.1266e-05
55.925,-6.4825e-05
55.93,-8.9006e-05
55.935,-0.00010236
55.94,-0.00011661
55.945,-0.00013748
55.95,-0.00015338
55.955,-0.00016236
55.96,-0.0001668
55.965,-0.00017152
55.97,-0.00017336
55.975,-0.00015552
55.98,-0.00013266
55.985,-0.00012722
55.99,-0.00011715
55.995,-8.3096e-05
56,-6.1047e-05
56.005,-7.0024e-05
56.01,-6.9126e-05
56.015,-4.9519e-05
56.02,-4.7188e-05
56.025,-6.7741e-05
56.03,-8.1408e-05
56.035,-7.946e-05
56.04,-8.3268e-05
56.045,-9.3066e-05
56.05,-9.1608e-05
56.055,-7.3604e-05
56.06,-5.4282e-05
56.065,-5.0756e-05
56.07,-4.4928e-05
56.075,-2.6217e-05
56.08,-1.5724e-05
56.085,-1.6869e-05
56.09,-1.6131e-05
56.095,-4.7717e-06
56.1,4.9888e-06
56.105,-1.4139e-06
56.11,5.0153e-07
56.115,1.9742e-05
56.12,2.8882e-05
56.125,2.9687e-05
56.13,3.7957e-05
56.135,5.6845e-05
56.14,7.6518e-05
56.145,7.9264e-05
56.15,8.384e-05
56.155,0.00010355
56.16,0.00010796
56.165,9.4817e-05
56.17,9.2877e-05
56.175,0.00010793
56.18,0.00011292
56.185,9.859e-05
56.19,0.00010019
56.195,0.0001189
56.2,0.00012025
56.205,0.00010814
56.21,0.00010481
56.215,0.00011505
56.22,0.00012561
56.225,0.00011974
56.23,0.00011643
56.235,0.00014043
56.24,0.00015983
56.245,0.00014938
56.25,0.00013802
56.255,0.00014265
56.26,0.00013853
56.265,0.0001066
56.27,7.9815e-05
56.275,7.9857e-05
56.28,7.2813e-05
56.285,4.9254e-05
56.29,3.5956e-05
56.295,4.7772e-05
56.3,6.3139e-05
56.305,5.5015e-05
56.31,5.2187e-05
56.315,7.4712e-05
56.32,8.8439e-05
56.325,8.1631e-05
56.33,7.3636e-05
56.335,7.6058e-05
56.34,7.8884e-05
56.345,6.0969e-05
56.35,4.0105e-05
56.355,5.2255e-05
56.36,7.0643e-05
56.365,5.7655e-05
56.37,5.0879e-05
56.375,7.5736e-05
56.38,8.7139e-05
56.385,6.9332e-05
56.39,5.8642e-05
56.395,6.4002e-05
56.4,6.0236e-05
56.405,3.6919e-05
56.41,9.4954e-06
56.415,5.1458e-06
56.42,1.6891e-05
56.425,7.4485e-06
56.43,-4.6361e-06
56.435,1.111e-05
56.44,2.8381e-05
56.445,2.5803e-05
56.45,1.7996e-05
56.455,2.4788e-05
56.46,3.0377e-05
56.465,1.4838e-05
56.47,-2.9246e-06
56.475,-6.0744e-06
56.48,1.8919e-06
56.485,-3.8165e-06
56.49,-2.34e-05
56.495,-2.0698e-05
56.5,-1.1673e-05
56.505,-2.3955e-05
56.51,-3.8115e-05
56.515,-3.4598e-05
56.52,-2.2389e-05
56.525,-3.5083e-05
56.53,-6.2373e-05
56.535,-6.529e-05
56.54,-6.6629e-05
56.545,-8.7828e-05
56.55,-0.00010478
56.555,-0.00010685
56.56,-0.00010252
56.565,-0.00010541
56.57,-0.00011761
56.575,-0.00011684
56.58,-0.00010337
56.585,-0.00011044
56.59,-0.00013321
56.595,-0.00013139
56.6,-0.00011253
56.605,-0.0001155
56.61,-0.0001242
56.615,-0.00010655
56.62,-8.6165e-05
56.625,-8.6809e-05
56.63,-9.022e-05
56.635,-7.7057e-05
56.64,-5.709e-05
56.645,-5.1652e-05
56.65,-5.3319e-05
56.655,-4.5846e-05
56.66,-3.9068e-05
56.665,-4.1157e-05
56.67,-4.8983e-05
56.675,-5.2772e-05
56.68,-4.5938e-05
56.685,-4.6218e-05
56.69,-5.3564e-05
56.695,-4.3643e-05
56.7,-2.0195e-05
56.705,-5.1019e-06
56.71,5.8512e-07
56.715,1.4589e-05
56.72,2.6096e-05
56.725,1.9528e-05
56.73,1.9976e-05
56.735,2.9467e-05
56.74,2.8254e-05
56.745,2.1022e-05
56.75,1.1922e-05
56.755,6.5607e-06
56.76,2.527e-06
56.765,-7.6871e-06
56.77,-1.1601e-05
56.775,-1.0022e-05
56.78,-7.0866e-06
56.785,-1.7411e-06
56.79,-2.1498e-06
56.795,5.6371e-06
56.8,1.9943e-05
56.805,1.6309e-05
56.81,1.1292e-05
56.815,2.2585e-05
56.82,2.4094e-05
56.825,7.053e-06
56.83,4.3517e-06
56.835,1.5525e-05
56.84,1.2337e-05
56.845,4.9949e-07
56.85,4.1111e-06
56.855,2.9409e-05
56.86,4.2727e-05
56.865,3.9121e-05
56.87,5.682e-05
56.875,7.8027e-05
56.88,7.791e-05
56.885,7.1674e-05
56.89,6.8697e-05
56.895,7.3962e-05
56.9,7.2715e-05
56.905,5.5591e-05
56.91,5.0952e-05
56.915,6.1849e-05
56.92,5.7043e-05
56.925,3.26e-05
56.93,1.7313e-05
56.935,2.449e-05
56.94,2.3643e-05
56.945,-1.5392e-07
56.95,-1.4226e-05
56.955,-1.0099e-05
56.96,-9.3364e-06
56.965,-2.1491e-05
56.97,-3.1828e-05
56.975,-1.7967e-05
56.98,-7.0255e-06
56.985,-2.1806e-05
56.99,-2.1825e-05
56.995,2.8838e-06
57,1.4462e-05
57.005,6.3537e-06
57.01,8.6239e-06
57.015,3.0243e-05
57.02,4.142e-05
57.025,3.649e-05
57.03,4.1533e-05
57.035,5.4365e-05
57.04,5.7606e-05
57.045,5.1825e-05
57.05,4.4355e-05
57.055,4.4962e-05
57.06,4.926e-05
57.065,3.393e-05
57.07,1.59e-05
57.075,2.8182e-05
57.08,3.1115e-05
57.085,5.6055e-06
57.09,4.9643e-06
57.095,2.1948e-05
57.1,2.4671e-05
57.105,1.9291e-05
57.11,9.476e-06
57.115,2.2143e-05
57.12,4.0322e-05
57.125,2.6483e-05
57.13,2.862e-05
57.135,5.5622e-05
57.14,6.3694e-05
57.145,5.5722e-05
57.15,4.6376e-05
57.155,5.6737e-05
57.16,7.7312e-05
57.165,6.3643e-05
57.17,4.0574e-05
57.175,4.5937e-05
57.18,4.4594e-05
57.185,1.8886e-05
57.19,4.1998e-06
57.195,1.2096e-05
57.2,1.6199e-05
57.205,4.7615e-06
57.21,-5.2722e-06
57.215,-2.3884e-06
57.22,5.0296e-06
57.225,5.79e-07
57.23,-1.4118e-05
57.235,-1.3374e-05
57.24,-2.6962e-06
57.245,-1.2752e-05
57.25,-3.0742e-05
57.255,-2.9516e-05
57.26,-1.6287e-05
57.265,-2.0449e-05
57.27,-4.2082e-05
57.275,-3.8378e-05
57.28,-2.0225e-05
57.285,-3.3847e-05
57.29,-5.2218e-05
57.295,-4.2479e-05
57.3,-3.3579e-05
57.305,-4.4088e-05
57.31,-5.6463e-05
57.315,-5.8564e-05
57.32,-5.1235e-05
57.325,-5.0354e-05
57.33,-5.8922e-05
57.335,-5.1832e-05
57.34,-3.5632e-05
57.345,-3.461e-05
57.35,-4.0884e-05
57.355,-3.495e-05
57.36,-2.059e-05
57.365,-1.9123e-05
57.37,-2.6962e-05
57.375,-2.7298e-05
57.38,-1.973e-05
57.385,-2.2999e-05
57.39,-4.0212e-05
57.395,-3.8043e-05
57.4,-3.1051e-05
57.405,-4.6727e-05
57.41,-5.222e-05
57.415,-4.2355e-05
57.42,-4.1025e-05
57.425,-5.36e-05
57.43,-6.594e-05
57.435,-5.8315e-05
57.44,-5.3721e-05
57.445,-7.0519e-05
57.45,-8.0749e-05
57.455,-6.7893e-05
57.46,-5.7754e-05
57.465,-6.9545e-05
57.47,-7.0303e-05
57.475,-5.1478e-05
57.48,-4.0017e-05
57.485,-3.3662e-05
57.49,-2.8387e-05
57.495,-1.6207e-05
57.5,-6.3099e-07
57.505,-1.1825e-06
57.51,2.5637e-06
57.515,1.7495e-05
57.52,2.0523e-05
57.525,1.9995e-05
57.53,2.3325e-05
57.535,2.3247e-05
57.54,2.6745e-05
57.545,2.828e-05
57.55,2.4161e-05
57.555,3.6524e-05
57.56,4.8436e-05
57.565,3.2985e-05
57.57,2.701e-05
57.575,4.6695e-05
57.58,5.6997e-05
57.585,5.8252e-05
57.59,7.2065e-05
57.595,8.6119e-05
57.6,8.583e-05
57.605,7.7081e-05
57.61,6.8476e-05
57.615,7.2804e-05
57.62,7.6481e-05
57.625,5.1217e-05
57.63,2.8522e-05
57.635,3.8985e-05
57.64,4.2272e-05
57.645,2.1437e-05
57.65,1.3665e-05
57.655,2.7513e-05
57.66,3.4859e-05
57.665,2.0251e-05
57.67,8.9327e-06
57.675,2.3676e-05
57.68,3.3751e-05
57.685,2.0207e-05
57.69,1.4804e-05
57.695,2.9259e-05
57.7,3.0251e-05
57.705,7.9225e-06
57.71,3.0571e-06
57.715,2.0323e-05
57.72,2.3949e-05
57.725,1.8153e-05
57.73,1.6827e-05
57.735,2.1213e-05
57.74,2.8966e-05
57.745,2.2894e-05
57.75,1.5735e-05
57.755,2.8726e-05
57.76,3.6759e-05
57.765,2.2254e-05
57.77,1.419e-05
57.775,2.8496e-05
57.78,3.2328e-05
57.785,1.0925e-05
57.79,-3.8818e-06
57.795,4.2406e-06
57.8,8.2864e-06
57.805,-9.6799e-06
57.81,-1.9842e-05
57.815,-2.6697e-06
57.82,9.7013e-06
57.825,-1.0148e-05
57.83,-3.0017e-05
57.835,-1.649e-05
57.84,-3.63e-06
57.845,-2.2559e-05
57.85,-4.0708e-05
57.855,-2.5468e-05
57.86,-9.4139e-06
57.865,-2.1614e-05
57.87,-2.7972e-05
57.875,-1.6421e-05
57.88,-9.9378e-06
57.885,-1.9557e-05
57.89,-3.6214e-05
57.895,-2.9506e-05
57.9,-1.3681e-05
57.905,-2.7104e-05
57.91,-4.3819e-05
57.915,-3.3852e-05
57.92,-2.7496e-05
57.925,-4.568e-05
57.93,-5.4136e-05
57.935,-3.6964e-05
57.94,-2.389e-05
57.945,-3.2013e-05
57.95,-4.0768e-05
57.955,-2.5226e-05
57.96,-1.1133e-05
57.965,-2.206e-05
57.97,-2.8877e-05
57.975,-1.7108e-05
57.98,-7.1865e-07
57.985,-4.1692e-07
57.99,-1.032e-05
57.995,6.366e-06
58,2.9266e-05
58.005,1.7934e-05
58.01,8.3231e-06
58.015,2.8625e-05
58.02,3.9151e-05
58.025,2.2206e-05
58.03,5.158e-06
58.035,4.2487e-06
58.04,7.2161e-06
58.045,-6.2569e-06
58.05,-2.4569e-05
58.055,-1.9838e-05
58.06,-2.6239e-06
58.065,-1.79e-06
58.07,-8.2946e-06
58.075,5.8186e-06
58.08,2.2673e-05
58.085,1.7932e-05
58.09,2.0592e-05
58.095,3.6922e-05
58.1,4.0948e-05
58.105,4.3662e-05
58.11,4.2834e-05
58.115,3.1172e-05
58.12,3.48e-05
58.125,3.3642e-05
58.13,1.4064e-05
58.135,2.1155e-05
58.14,4.044e-05
58.145,3.3407e-05
58.15,2.3985e-05
58.155,3.4129e-05
58.16,5.0047e-05
58.165,4.6717e-05
58.17,3.1164e-05
58.175,3.6725e-05
58.18,4.9458e-05
58.185,3.9103e-05
58.19,2.5089e-05
58.195,2.4528e-05
58.2,2.3311e-05
58.205,9.9276e-06
58.21,-1.2543e-05
58.215,-1.7627e-05
58.22,-9.5892e-06
58.225,-2.5939e-05
58.23,-4.3421e-05
58.235,-3.5796e-05
58.24,-2.8399e-05
58.245,-3.1181e-05
58.25,-3.0659e-05
58.255,-1.5075e-05
58.26,-4.9011e-06
58.265,-1.9022e-05
58.27,-1.7568e-05
58.275,1.4458e-05
58.28,2.6397e-05
58.285,6.9042e-06
58.29,-1.3264e-05
58.295,-3.3803e-05
58.3,-4.9686e-05
58.305,-5.5319e-05
58.31,-6.3218e-05
58.315,-5.6702e-05
58.32,-4.2936e-05
58.325,-5.4634e-05
58.33,-6.5092e-05
58.335,-4.5452e-05
58.34,-2.992e-05
58.345,-4.6654e-05
58.35,-5.9782e-05
58.355,-4.0136e-05
58.36,-2.5206e-05
58.365,-4.0379e-05
58.37,-5.3591e-05
58.375,-4.1211e-05
58.38,-2.8744e-05
58.385,-5.1299e-05
58.39,-7.9983e-05
58.395,-6.971e-05
58.4,-5.8221e-05
58.405,-8.0627e-05
58.41,-9.9277e-05
58.415,-8.5221e-05
58.42,-6.2502e-05
58.425,-6.2759e-05
58.43,-6.646e-05
58.435,-5.2631e-05
58.44,-4.1699e-05
58.445,-3.2765e-05
58.45,-1.7112e-05
58.455,-4.6014e-06
58.46,-1.1182e-06
58.465,-1.1548e-05
58.47,-1.7604e-05
58.475,-6.1916e-06
58.48,-3.2742e-06
58.485,-1.4636e-05
58.49,-2.0907e-05
58.495,-1.4948e-05
58.5,-8.6922e-06
58.505,-1.7249e-05
58.51,-2.3366e-05
58.515,-7.6677e-06
58.52,1.3619e-06
58.525,-2.0047e-05
58.53,-3.2972e-05
58.535,-1.1394e-05
58.54,5.0224e-06
58.545,-1.196e-05
58.55,-2.9963e-05
58.555,-1.0517e-05
58.56,1.2908e-05
58.565,5.5647e-06
58.57,-9.6024e-07
58.575,8.5953e-06
58.58,2.3973e-05
58.585,2.338e-05
58.59,5.7146e-06
58.595,1.2441e-05
58.6,1.7914e-05
58.605,-1.5825e-05
58.61,-3.8345e-05
58.615,-1.9671e-05
58.62,6.052e-06
58.625,1.6809e-06
58.63,-2.4158e-05
58.635,-2.5159e-05
58.64,-1.8175e-06
58.645,9.2294e-06
58.65,6.6228e-06
58.655,1.437e-05
58.66,3.199e-05
58.665,1.7502e-05
58.67,-1.4425e-05
58.675,1.5494e-07
58.68,2.4046e-05
58.685,5.631e-06
58.69,-1.1122e-05
58.695,7.1305e-06
58.7,3.1894e-05
58.705,2.9155e-05
58.71,2.1956e-05
58.715,4.2911e-05
58.72,5.7438e-05
58.725,3.7392e-05
58.73,1.4972e-05
58.735,2.3406e-05
58.74,4.1102e-05
58.745,3.5099e-05
58.75,1.6374e-05
58.755,-4.2253e-06
58.76,-1.5411e-05
58.765,-1.1623e-05
58.77,-1.1058e-05
58.775,-7.7778e-07
58.78,1.854e-05
58.785,2.0746e-05
58.79,1.6251e-05
58.795,1.679e-05
58.8,2.4628e-05
58.805,3.723e-05
58.81,4.1599e-05
58.815,3.7338e-05
58.82,2.8577e-05
58.825,1.7892e-05
58.83,1.5049e-05
58.835,3.0213e-05
58.84,4.5116e-05
58.845,3.3667e-05
58.85,2.5158e-05
58.855,5.1528e-05
58.86,7.7437e-05
58.865,7.369e-05
58.87,6.5508e-05
58.875,5.9156e-05
58.88,3.8757e-05
58.885,1.7133e-05
58.89,6.526e-06
58.895,1.0529e-05
58.9,1.5402e-05
58.905,-3.8267e-06
58.91,-1.775e-05
58.915,1.4169e-06
58.92,1.7775e-05
58.925,6.9439e-06
58.93,-2.5505e-06
58.935,7.3333e-06
58.94,8.0663e-06
58.945,-7.6962e-06
58.95,-1.2703e-05
58.955,3.8603e-06
58.96,2.973e-05
58.965,3.8643e-05
58.97,2.2583e-05
58.975,3.054e-06
58.98,-3.3619e-06
58.985,-7.9134e-06
58.99,-2.1251e-05
58.995,-2.7673e-05
59,-3.2032e-05
59.005,-4.9404e-05
59.01,-5.7692e-05
59.015,-4.51e-05
59.02,-3.2653e-05
59.025,-3.3652e-05
59.03,-3.7602e-05
59.035,-3.0181e-05
59.04,-2.4142e-05
59.045,-3.6887e-05
59.05,-4.7005e-05
59.055,-3.0694e-05
59.06,-2.0947e-05
59.065,-4.9991e-05
59.07,-6.5757e-05
59.075,-3.8294e-05
59.08,-2.9784e-05
59.085,-4.6997e-05
59.09,-4.9369e-05
59.095,-5.2472e-05
59.1,-6.0874e-05
59.105,-6.7725e-05
59.11,-7.3005e-05
59.115,-4.9165e-05
59.12,-2.1467e-05
59.125,-2.8297e-05
59.13,-2.7571e-05
59.135,-8.052e-06
59.14,-3.262e-06
59.145,-1.0227e-05
59.15,-1.5426e-05
59.155,-3.3772e-06
59.16,1.7121e-05
59.165,1.2889e-05
59.17,3.7686e-06
59.175,2.6105e-05
59.18,4.8785e-05
59.185,3.2307e-05
59.19,1.1951e-05
59.195,2.0802e-05
59.2,2.9321e-05
59.205,2.0969e-05
59.21,1.08e-05
59.215,1.3168e-05
59.22,1.7515e-05
59.225,2.5566e-06
59.23,-5.6595e-06
59.235,1.5752e-05
59.24,3.2755e-05
59.245,2.3936e-05
59.25,1.4385e-05
59.255,2.2781e-05
59.26,3.1195e-05
59.265,2.4559e-05
59.27,2.2999e-05
59.275,4.5596e-05
59.28,6.4222e-05
59.285,5.1504e-05
59.29,4.5741e-05
59.295,6.6055e-05
59.3,6.3768e-05
59.305,3.9294e-05
59.31,3.6712e-05
59.315,5.077e-05
59.32,5.583e-05
59.325,3.6124e-05
59.33,1.2914e-05
59.335,2.9304e-05
59.34,5.2456e-05
59.345,3.654e-05
59.35,2.0382e-05
59.355,3.5724e-05
59.36,5.2255e-05
59.365,4.3264e-05
59.37,2.4651e-05
59.375,2.5566e-05
59.38,3.8793e-05
59.385,3.2254e-05
59.39,1.3202e-05
59.395,2.0972e-05
59.4,3.7074e-05
59.405,1.7431e-05
59.41,-6.7095e-06
59.415,-1.5678e-06
59.42,8.79e-06
59.425,-6.5749e-07
59.43,-1.6148e-05
59.435,4.1957e-06
59.44,3.7045e-05
59.445,3.0708e-05
59.45,1.3233e-05
59.455,1.5538e-05
59.46,2.7773e-05
59.465,2.2821e-05
59.47,-4.7819e-06
59.475,-4.6259e-06
59.48,1.7577e-05
59.485,8.6218e-06
59.49,-1.1758e-05
59.495,-1.5146e-05
59.5,-8.8563e-06
59.505,-7.1142e-06
59.51,-1.6027e-05
59.515,-1.0668e-05
59.52,1.2589e-06
59.525,-5.3874e-06
59.53,-1.0864e-05
59.535,-1.1394e-05
59.54,-9.4465e-06
59.545,-8.423e-06
59.55,-2.1708e-05
59.555,-2.2823e-05
59.56,-1.1418e-05
59.565,-1.7639e-05
59.57,-2.631e-05
59.575,-1.8566e-05
59.58,-1.7574e-06
59.585,6.318e-06
59.59,-3.894e-07
59.595,-2.9256e-06
59.6,6.7706e-06
59.605,1.2666e-05
59.61,9.2661e-06
59.615,1.0362e-05
59.62,1.4166e-05
59.625,6.8186e-06
59.63,-6.8236e-06
59.635,-1.3967e-05
59.64,-1.1463e-05
59.645,-1.3091e-05
59.65,-2.2198e-05
59.655,-1.793e-05
59.66,-3.4149e-07
59.665,1.4456e-05
59.67,1.774e-05
59.675,1.3909e-05
59.68,1.5331e-05
59.685,8.843e-06
59.69,-8.3996e-07
59.695,1.4525e-05
59.7,3.8061e-05
59.705,4.4982e-05
59.71,3.4354e-05
59.715,2.2803e-05
59.72,2.7995e-05
59.725,3.2881e-05
59.73,3.6239e-05
59.735,4.691e-05
59.74,4.2182e-05
59.745,2.0909e-05
59.75,-5.6932e-06
59.755,-2.6518e-05
59.76,-2.9297e-05
59.765,-3.5101e-05
59.77,-4.3365e-05
59.775,-3.1848e-05
59.78,-2.0592e-05
59.785,-2.0554e-05
59.79,-1.0715e-05
59.795,1.5656e-05
59.8,4.1983e-05
59.805,4.3286e-05
59.81,2.7839e-05
59.815,2.0767e-05
59.82,1.233e-05
59.825,7.7696e-06
59.83,2.3121e-05
59.835,2.7138e-05
59.84,-1.3415e-06
59.845,-4.3701e-05
59.85,-7.0201e-05
59.855,-6.003e-05
59.86,-3.7702e-05
59.865,-3.2535e-05
59.87,-2.9625e-05
59.875,-2.5409e-05
59.88,-3.5524e-05
59.885,-4.7662e-05
59.89,-5.1775e-05
59.895,-5.1591e-05
59.9,-5.5659e-05
59.905,-7.8495e-05
59.91,-8.8948e-05
59.915,-6.5368e-05
59.92,-4.4654e-05
59.925,-4.0542e-05
59.93,-4.6703e-05
59.935,-4.616e-05
59.94,-3.2831e-05
59.945,-3.9075e-05
59.95,-3.7331e-05
59.955,1.0243e-05
59.96,4.1638e-05
59.965,1.3257e-05
59.97,-3.2919e-05
59.975,-5.8254e-05
59.98,-6.6508e-05
59.985,-8.3013e-05
59.99,-0.00010439
59.995,-9.9046e-05
60,-7.5311e-05
60.005,-5.3593e-05
60.01,-3.1445e-05
60.015,-7.2915e-06
60.02,1.6144e-05
60.025,1.2745e-05
60.03,-1.0687e-05
60.035,-7.6544e-06
60.04,-1.736e-06
60.045,-2.6434e-05
60.05,-3.8955e-05
60.055,-1.9538e-05
60.06,-1.0159e-05
60.065,-1.8951e-05
60.07,-2.365e-05
60.075,-1.4148e-05
60.08,8.3904e-06
60.085,1.0902e-05
60.09,-2.7013e-06
60.095,2.1865e-06
60.1,7.999e-06
60.105,-4.893e-07
60.11,-1.125e-05
60.115,-8.3415e-06
60.12,-5.3935e-06
60.125,-2.5123e-05
60.13,-3.7232e-05
60.135,-2.1003e-05
60.14,4.3619e-06
60.145,1.1031e-05
60.15,6.0826e-06
60.155,3.6146e-05
60.16,7.5996e-05
60.165,6.9004e-05
60.17,4.9724e-05
60.175,5.6637e-05
60.18,5.83e-05
60.185,4.0456e-05
60.19,2.6982e-05
60.195,2.9425e-05
60.2,4.0693e-05
60.205,3.7314e-05
60.21,2.1882e-05
60.215,3.2225e-05
60.22,6.3872e-05
60.225,7.7654e-05
60.23,7.7788e-05
60.235,9.5343e-05
60.24,0.00011461
60.245,9.8802e-05
60.25,7.2504e-05
60.255,7.0485e-05
60.26,6.5063e-05
60.265,4.1089e-05
60.27,2.1175e-05
60.275,1.5437e-05
60.28,2.1282e-05
60.285,1.936e-05
60.29,1.0162e-05
60.295,2.1876e-05
60.3,4.1433e-05
60.305,3.715e-05
60.31,2.1485e-05
60.315,2.5714e-05
60.32,3.9296e-05
60.325,2.966e-05
60.33,1.4294e-05
60.335,2.5886e-05
60.34,4.525e-05
60.345,4.5158e-05
60.35,2.6181e-05
60.355,1.0212e-05
60.36,1.5292e-05
60.365,1.3356e-05
60.37,2.2548e-06
60.375,1.8438e-05
60.38,3.8774e-05
60.385,3.185e-05
60.39,1.2688e-05
60.395,4.7737e-06
60.4,7.212e-06
60.405,-3.4179e-06
60.41,-2.1243e-05
60.415,-2.4325e-05
60.42,-1.5047e-05
60.425,-1.2e-05
60.43,-2.2024e-05
60.435,-2.0635e-05
60.44,-7.6177e-06
60.445,-1.2207e-05
60.45,-2.3859e-05
60.455,-2.1834e-05
60.46,-1.7302e-05
60.465,-2.3487e-05
60.47,-3.1023e-05
60.475,-2.2057e-05
60.48,-1.2832e-05
60.485,-2.0514e-05
60.49,-2.0744e-05
60.495,-1.0615e-05
60.5,-6.7992e-06
60.505,-8.4444e-06
60.51,-1.582e-05
60.515,-1.7639e-05
60.52,-1.5693e-05
60.525,-3.057e-05
60.53,-4.3172e-05
60.535,-3.5681e-05
60.54,-3.2327e-05
60.545,-4.2852e-05
60.55,-5.2843e-05
60.555,-5.286e-05
60.56,-4.2773e-05
60.565,-3.1007e-05
60.57,-2.1432e-05
60.575,-1.1653e-05
60.58,-8.0917e-06
60.585,-1.8214e-05
60.59,-2.7141e-05
60.595,-1.4007e-05
60.6,5.5046e-06
60.605,9.6402e-06
60.61,8.9817e-06
60.615,8.686e-06
60.62,4.6769e-06
60.625,-1.0194e-06
60.63,-6.8471e-06
60.635,-5.0357e-07
60.64,7.9307e-06
60.645,-3.475e-06
60.65,-7.051e-06
60.655,9.1723e-06
60.66,9.5076e-06
60.665,-4.682e-06
60.67,-4.2783e-06
60.675,9.947e-06
60.68,1.9548e-05
60.685,1.9365e-05
60.69,2.1185e-05
60.695,2.8529e-05
60.7,2.7306e-05
60.705,1.2587e-05
60.71,4.001e-06
60.715,1.3589e-05
60.72,1.6405e-05
60.725,-2.0489e-06
60.73,-1.2098e-05
60.735,2.1019e-06
60.74,1.0453e-05
60.745,-9.2599e-06
60.75,-2.4676e-05
60.755,-1.1404e-05
60.76,-7.7309e-06
60.765,-2.4801e-05
60.77,-2.4984e-05
60.775,-6.3925e-06
60.78,4.4363e-06
60.785,-4.3323e-06
60.79,-7.9307e-06
60.795,1.4169e-05
60.8,2.9198e-05
60.805,2.2845e-05
60.81,2.1397e-05
60.815,3.6634e-05
60.82,5.2179e-05
60.825,4.6995e-05
60.83,3.669e-05
60.835,4.255e-05
60.84,5.1625e-05
60.845,3.7266e-05
60.85,1.3325e-05
60.855,2.8894e-05
60.86,5.2375e-05
60.865,3.4766e-05
60.87,1.9014e-05
60.875,2.523e-05
60.88,2.5046e-05
60.885,8.105e-06
60.89,-1.073e-05
60.895,-2.3996e-06
60.9,1.4396e-05
60.905,-7.8593e-07
60.91,-2.5722e-05
60.915,-2.6416e-05
60.92,-2.1444e-05
60.925,-3.586e-05
60.93,-4.9811e-05
60.935,-3.452e-05
60.94,-1.4224e-05
60.945,-2.6524e-05
60.95,-4.301e-05
60.955,-2.5524e-05
60.96,-3.1611e-06
60.965,-9.1804e-06
60.97,-2.5276e-05
60.975,-2.7084e-05
60.98,-2.1078e-05
60.985,-2.7271e-05
60.99,-4.4811e-05
60.995,-5.0046e-05
61,-4.1828e-05
61.005,-4.2474e-05
61.01,-5.0107e-05
61.015,-4.1565e-05
61.02,-1.8522e-05
61.025,-1.2592e-05
61.03,-2.2975e-05
61.035,-2.2979e-05
61.04,-2.4699e-05
61.045,-4.5735e-05
61.05,-6.5747e-05
61.055,-5.6718e-05
61.06,-3.7604e-05
61.065,-3.9913e-05
61.07,-3.8435e-05
61.075,-1.9904e-05
61.08,-8.7951e-06
61.085,-1.8227e-05
61.09,-3.7506e-05
61.095,-2.3609e-05
61.1,1.5303e-05
61.105,2.1227e-05
61.11,1.0955e-05
61.115,2.7435e-05
61.12,4.4706e-05
61.125,3.0306e-05
61.13,5.5902e-06
61.135,-1.7452e-06
61.14,2.8583e-06
61.145,-7.0948e-06
61.15,-2.8105e-05
61.155,-2.0075e-05
61.16,3.0296e-06
61.165,3.9072e-06
61.17,2.1723e-06
61.175,1.3265e-05
61.18,2.6541e-05
61.185,2.5594e-05
61.19,5.9623e-06
61.195,1.2844e-07
61.2,7.7941e-06
61.205,-1.3282e-06
61.21,-1.0517e-05
61.215,-1.472e-06
61.22,9.9337e-06
61.225,6.737e-06
61.23,-1.2212e-06
61.235,6.9582e-06
61.24,1.4555e-05
61.245,2.9725e-06
61.25,-6.0856e-06
61.255,1.9918e-06
61.26,9.4924e-06
61.265,-3.1835e-06
61.27,-1.9174e-05
61.275,-1.112e-05
61.28,3.0887e-07
61.285,-9.8654e-06
61.29,-2.1698e-05
61.295,-1.8199e-05
61.3,-1.1802e-05
61.305,-1.4929e-05
61.31,-2.2236e-05
61.315,-1.9875e-05
61.32,-7.1539e-06
61.325,6.6157e-07
61.33,5.1988e-07
61.335,7.8644e-06
61.34,2.184e-05
61.345,2.3664e-05
61.35,1.5632e-05
61.355,1.9702e-05
61.36,3.4177e-05
61.365,2.8262e-05
61.37,9.4689e-06
61.375,1.4896e-05
61.38,1.9936e-05
61.385,5.3558e-06
61.39,9.8318e-06
61.395,2.7954e-05
61.4,3.365e-05
61.405,3.1906e-05
61.41,2.0527e-05
61.415,1.1883e-05
61.42,1.1961e-05
61.425,-4.7288e-06
61.43,-2.043e-05
61.435,-1.1792e-05
61.44,-1.1238e-05
61.445,-2.5859e-05
61.45,-3.2433e-05
61.455,-2.7549e-05
61.46,-1.3875e-05
61.465,-6.9521e-06
61.47,-8.527e-06
61.475,-5.3721e-07
61.48,3.213e-06
61.485,-6.8869e-06
61.49,-1.8056e-05
61.495,-2.1663e-05
61.5,-9.9123e-06
61.505,-6.0938e-06
61.51,-1.9731e-05
61.515,-1.1623e-05
61.52,6.6239e-06
61.525,-1.8461e-06
61.53,-1.3093e-05
61.535,-9.4424e-06
61.54,-7.3721e-06
61.545,-1.0161e-05
61.55,-1.0776e-05
61.555,-3.1019e-06
61.56,2.5556e-06
61.565,-5.9439e-06
61.57,-1.3176e-05
61.575,-7.8104e-06
61.58,3.3588e-06
61.585,4.5861e-06
61.59,-4.4343e-06
61.595,2.0856e-06
61.6,1.1689e-05
61.605,-1.5301e-06
61.61,-1.1751e-05
61.615,-7.2681e-07
61.62,1.3319e-05
61.625,1.3086e-05
61.63,5.7431e-06
61.635,1.4335e-05
61.64,2.7796e-05
61.645,2.3061e-05
61.65,1.3017e-05
61.655,1.7105e-05
61.66,2.754e-05
61.665,1.7382e-05
61.67,3.8593e-06
61.675,1.4765e-05
61.68,1.6309e-05
61.685,8.0224e-07
61.69,-8.4689e-06
61.695,-1.485e-05
61.7,-1.1805e-05
61.705,-7.9337e-06
61.71,-1.9047e-05
61.715,-1.6449e-05
61.72,3.6942e-06
61.725,-1.631e-08
61.73,-1.7254e-05
61.735,-6.1835e-06
61.74,1.2163e-05
61.745,8.4811e-07
61.75,-1.144e-05
61.755,9.5719e-07
61.76,4.8756e-06
61.765,-1.1695e-05
61.77,-2.4025e-05
61.775,-1.7706e-05
61.78,-3.3354e-06
61.785,-8.682e-06
61.79,-2.2817e-05
61.795,-1.5747e-05
61.8,-2.1264e-06
61.805,-5.9225e-06
61.81,-1.572e-05
61.815,-7.7207e-06
61.82,7.6952e-06
61.825,5.8522e-06
61.83,-7.3191e-06
61.835,-7.9317e-06
61.84,4.4791e-06
61.845,-2.5087e-06
61.85,-2.2353e-05
61.855,-1.6915e-05
61.86,-3.5219e-06
61.865,-2.9694e-06
61.87,-2.9602e-06
61.875,5.8186e-06
61.88,2.9264e-05
61.885,3.4926e-05
61.89,1.3723e-05
61.895,1.9666e-05
61.9,3.3368e-05
61.905,1.398e-05
61.91,1.8889e-06
61.915,1.5781e-05
61.92,2.6212e-05
61.925,1.6574e-05
61.93,8.9134e-06
61.935,1.4094e-05
61.94,2.1386e-06
61.945,-1.7408e-05
61.95,-1.8777e-05
61.955,1.3558e-07
61.96,2.0512e-05
61.965,1.7441e-06
61.97,-1.3913e-05
61.975,1.524e-05
61.98,2.4177e-05
61.985,6.4618e-06
61.99,5.472e-06
61.995,1.5386e-05
62,2.5505e-05
62.005,2.1266e-05
62.01,7.7115e-06
62.015,1.1718e-05
62.02,2.4764e-05
62.025,2.2031e-05
62.03,7.8644e-06
62.035,9.2803e-06
62.04,2.017e-05
62.045,1.3528e-05
62.05,4.6035e-06
62.055,1.4347e-05
62.06,2.466e-05
62.065,1.343e-05
62.07,1.0897e-06
62.075,9.946e-06
62.08,1.2125e-05
62.085,-3.6075e-06
62.09,-1.3458e-05
62.095,-7.5953e-06
62.1,8.3578e-06
62.105,1.2239e-05
62.11,-1.5291e-08
62.115,-3.4281e-06
62.12,2.1295e-06
62.125,-1.371e-06
62.13,-9.6188e-06
62.135,-3.8033e-06
62.14,1.2082e-05
62.145,1.1357e-05
62.15,-3.2864e-06
62.155,-2.0398e-06
62.16,5.7768e-06
62.165,-6.3609e-06
62.17,-1.6382e-05
62.175,-2.2416e-06
62.18,1.2686e-05
62.185,8.261e-06
62.19,-2.7421e-06
62.195,1.8481e-06
62.2,1.0326e-05
62.205,-1.4883e-07
62.21,-8.0571e-06
62.215,7.9001e-07
62.22,6.3609e-06
62.225,2.0275e-06
62.23,-1.0846e-05
62.235,-1.638e-05
62.24,-5.6789e-06
62.245,-8.2671e-06
62.25,-1.7964e-05
62.255,-6.788e-06
62.26,4.8267e-06
62.265,1.4557e-06
62.27,-2.8369e-06
62.275,-7.9817e-07
62.28,2.3639e-06
62.285,9.0622e-07
62.29,2.1814e-07
62.295,5.739e-06
62.3,1.0712e-05
62.305,6.5943e-06
62.31,1.0428e-06
62.315,1.0054e-05
62.32,2.0867e-05
62.325,1.4647e-05
62.33,9.9429e-06
62.335,1.796e-05
62.34,2.3228e-05
62.345,1.9801e-05
62.35,1.1613e-05
62.355,1.4589e-05
62.36,2.6655e-05
62.365,2.1918e-05
62.37,1.4819e-05
62.375,2.1567e-05
62.38,2.5784e-05
62.385,2.4817e-05
62.39,2.0482e-05
62.395,2.0274e-05
62.4,2.7254e-05
62.405,2.5422e-05
62.41,2.0836e-05
62.415,2.2366e-05
62.42,2.2597e-05
62.425,1.8415e-05
62.43,8.5515e-06
62.435,6.7064e-06
62.44,1.5348e-05
62.445,1.2841e-05
62.45,4.8451e-06
62.455,5.9195e-06
62.46,9.2232e-06
62.465,7.5596e-06
62.47,1.7013e-06
62.475,4.3374e-06
62.48,1.3681e-05
62.485,8.5943e-06
62.49,2.263e-07
62.495,5.4485e-06
62.5,9.4944e-06
62.505,7.1876e-06
62.51,5.265e-06
62.515,7.5637e-06
62.52,1.4001e-05
62.525,1.2083e-05
62.53,5.8175e-06
62.535,1.0476e-05
62.54,1.4306e-05
62.545,4.8073e-06
62.55,-4.6901e-06
62.555,-4.208e-06
62.56,-3.8114e-06
62.565,-1.0445e-05
62.57,-1.6475e-05
62.575,-1.4408e-05
62.58,-1.0354e-05
62.585,-1.3011e-05
62.59,-1.6632e-05
62.595,-1.5463e-05
62.6,-1.5011e-05
62.605,-2.1446e-05
62.61,-2.9139e-05
62.615,-2.6339e-05
62.62,-2.0174e-05
62.625,-2.0902e-05
62.63,-1.8134e-05
62.635,-7.3435e-06
62.64,-1.156e-06
62.645,-3.9348e-06
62.65,-5.5076e-06
62.655,-1.264e-06
62.66,2.423e-06
62.665,4.8318e-07
62.67,-2.6555e-06
62.675,2.844e-07
62.68,2.157e-06
62.685,-5.3374e-06
62.69,-1.2882e-05
62.695,-1.328e-05
62.7,-1.3102e-05
62.705,-1.936e-05
62.71,-2.6671e-05
62.715,-2.4944e-05
62.72,-1.9677e-05
62.725,-2.1695e-05
62.73,-2.6187e-05
62.735,-2.4372e-05
62.74,-2.0855e-05
62.745,-2.3975e-05
62.75,-2.9429e-05
62.755,-2.7156e-05
62.76,-2.1328e-05
62.765,-2.3799e-05
62.77,-2.8204e-05
62.775,-2.2118e-05
62.78,-1.443e-05
62.785,-1.7828e-05
62.79,-2.2668e-05
62.795,-1.6937e-05
62.8,-1.3343e-05
62.805,-2.0075e-05
62.81,-2.1905e-05
62.815,-1.6322e-05
62.82,-1.1964e-05
62.825,-9.6177e-06
62.83,-9.6728e-06
62.835,-7.2029e-06
62.84,-2.0275e-06
62.845,-3.5321e-06
62.85,-7.9429e-06
62.855,-6.055e-06
62.86,-2.9929e-06
62.865,-6.4159e-06
62.87,-1.0892e-05
62.875,-8.5382e-06
62.88,-4.2752e-06
62.885,-6.9592e-06
62.89,-1.1163e-05
62.895,-7.3792e-06
62.9,-3.3384e-06
62.905,-6.5474e-06
62.91,-8.0051e-06
62.915,-3.6595e-06
62.92,-1.4964e-06
62.925,-3.6514e-06
62.93,-4.4261e-06
62.935,-1.791e-06
62.94,2.1774e-06
62.945,3.2416e-06
62.95,-1.0194e-09
62.955,9.8369e-07
62.96,6.4811e-06
62.965,4.8726e-06
62.97,1.0285e-06
62.975,4.0663e-06
62.98,6.4669e-06
62.985,4.3119e-06
62.99,1.5291e-06
62.995,1.0612e-06
63,2.6065e-06
63.005,1.0133e-06
63.01,-1.1906e-06
63.015,1.5678e-06
63.02,4.7238e-06
63.025,4.4852e-06
63.03,3.7492e-06
63.035,6.2181e-06
63.04,9.8186e-06
63.045,9.5219e-06
63.05,7.527e-06
63.055,8.0693e-06
63.06,1.0409e-05
63.065,1.0008e-05
63.07,6.6147e-06
63.075,7.897e-06
63.08,1.1916e-05
63.085,1.0347e-05
63.09,6.999e-06
63.095,7.9898e-06
63.1,1.0314e-05
63.105,9.1519e-06
63.11,7.736e-06
63.115,9.7095e-06
63.12,1.1561e-05
63.125,1.107e-05
63.13,9.1019e-06
63.135,8.6065e-06
63.14,1.015e-05
63.145,9.3517e-06
63.15,6.947e-06
63.155,7.1723e-06
63.16,8.7971e-06
63.165,7.6157e-06
63.17,4.9888e-06
63.175,5.3914e-06
63.18,7.2701e-06
63.185,6.7808e-06
63.19,4.1743e-06
63.195,3.5362e-06
63.2,4.7339e-06
63.205,2.4995e-06
63.21,1.631e-07
63.215,2.0826e-06
63.22,3.5668e-06
63.225,3.4057e-06
63.23,3.0418e-06
63.235,2.896e-06
63.24,4.8491e-06
63.245,5.213e-06
63.25,2.5423e-06
63.255,3.1733e-06
63.26,5.0459e-06
63.265,3.1121e-06
63.27,1.9399e-06
63.275,3.0917e-06
63.28,3.1845e-06
63.285,2.5423e-06
63.29,1.58e-06
63.295,1.0428e-06
63.3,1.9276e-06
63.305,1.2864e-06
63.31,-9.3374e-07
63.315,-5.6473e-07
63.32,9.8165e-07
63.325,3.0071e-07
63.33,-6.2793e-07
63.335,-9.3782e-08
63.34,1.315e-07
63.345,-6.5953e-07
63.35,-1.2263e-06
63.355,-8.5117e-07
63.36,-1.6718e-07
63.365,-4.3425e-07
63.37,-1.1794e-06
63.375,-7.7166e-07
63.38,1.947e-07
63.385,-1.4679e-07
63.39,-1.0449e-06
63.395,-3.2926e-07
63.4,4.1692e-07
63.405,-6.7686e-07
63.41,-1.6045e-06
63.415,-1.4618e-06
63.42,-1.2375e-06
63.425,-1.685e-06
63.43,-2.422e-06
63.435,-1.8012e-06
63.44,-8.5015e-07
63.445,-1.3761e-06
63.45,-1.7655e-06
63.455,-1.1009e-06
63.46,-9.3476e-07
63.465,-1.6045e-06
63.47,-1.9429e-06
63.475,-1.7747e-06
63.48,-1.7115e-06
63.485,-1.7339e-06
63.49,-1.999e-06
63.495,-2.0449e-06
63.5,-1.4587e-06
63.505,-1.8899e-06
63.51,-2.6932e-06
63.515,-2.1182e-06
63.52,-1.9103e-06
63.525,-2.5168e-06
63.53,-2.6524e-06
63.535,-2.4648e-06
63.54,-2.1927e-06
63.545,-2.4261e-06
63.55,-3.0428e-06
63.555,-2.788e-06
63.56,-2.0989e-06
63.565,-2.3751e-06
63.57,-3.0979e-06
63.575,-2.7543e-06
63.58,-1.9307e-06
63.585,-2.2018e-06
63.59,-2.8287e-06
63.595,-2.2508e-06
63.6,-1.5423e-06
63.605,-1.9776e-06
63.61,-2.0948e-06
63.615,-1.4526e-06
63.62,-1.2069e-06
63.625,-1.1978e-06
63.63,-1.2446e-06
63.635,-1.0724e-06
63.64,-4.7197e-07
63.645,-4.9745e-07
63.65,-9.0214e-07
63.655,-4.9643e-07
63.66,1.8349e-08
63.665,-2.4669e-07
63.67,-5.7696e-07
63.675,-3.6086e-07
63.68,-1.1315e-07
63.685,-2.9664e-07
63.69,-4.8114e-07
63.695,-1.998e-07
63.7,9.2762e-08
63.705,-7.0336e-08
63.71,-2.6402e-07
63.715,-8.6646e-08
63.72,1.5698e-07
63.725,4.0775e-09
63.73,-3.0275e-07
63.735,-1.4985e-07
63.74,1.9266e-07
63.745,8.4608e-08
63.75,-1.7227e-07
63.755,-4.6891e-08
63.76,1.8756e-07
63.765,1.4577e-07
63.77,2.8542e-08
63.775,1.2844e-07
63.78,2.9969e-07
63.785,2.2222e-07
63.79,1.8349e-08
63.795,-7.1356e-09
63.8,8.053e-08
63.805,6.524e-08
63.81,-8.8685e-08
63.815,-4.893e-08
63.82,1.7125e-07
63.825,8.053e-08
63.83,-3.262e-08
63.835,1.3761e-07
63.84,1.9266e-07
63.845,8.6646e-08
63.85,5.5046e-08
63.855,1.8451e-07
63.86,3.1193e-07
63.865,2.5892e-07
63.87,1.9674e-07
63.875,2.5892e-07
63.88,3.894e-07
63.885,3.6901e-07
63.89,1.7941e-07
63.895,1.4067e-07
63.9,1.6616e-07
63.905,7.9511e-08
63.91,2.1407e-08
63.915,2.7523e-08
63.92,9.7859e-08
63.925,1.4577e-07
63.93,8.1549e-08
63.935,1.0499e-07
63.94,2.2732e-07
63.945,2.2528e-07
63.95,1.5087e-07
63.955,1.5494e-07
63.96,1.9674e-07
63.965,1.4475e-07
63.97,3.9755e-08
63.975,4.791e-08
63.98,1.0398e-07
63.985,4.0775e-08
63.99,-4.1794e-08
63.995,0
64,4.3833e-08
64.005,-1.3252e-08
64.01,-6.524e-08
64.015,-3.16e-08
64.02,4.0775e-09
64.025,-3.4659e-08
64.03,-6.3201e-08
64.035,-3.262e-08
64.04,-1.7329e-08
64.045,-2.8542e-08
64.05,-5.0968e-08
64.055,-5.9123e-08
64.06,-3.16e-08
64.065,-4.6891e-08
64.07,-8.9704e-08
64.075,-7.4414e-08
64.08,-5.3007e-08
64.085,-7.7472e-08
64.09,-1.0296e-07
64.095,-9.5821e-08
64.1,-7.4414e-08
64.105,-9.7859e-08
64.11,-1.3761e-07
64.115,-1.2742e-07
64.12,-1.0499e-07
64.125,-1.2436e-07
64.13,-1.4679e-07
64.135,-1.3048e-07
64.14,-1.1621e-07
64.145,-1.3252e-07
64.15,-1.3761e-07
64.155,-1.2436e-07
64.16,-1.1519e-07
64.165,-1.2029e-07
64.17,-1.2742e-07
64.175,-1.1519e-07
64.18,-1.0499e-07
64.185,-1.1213e-07
64.19,-1.1621e-07
64.195,-1.1315e-07
64.2,-1.0398e-07
64.205,-1.0092e-07
64.21,-1.1315e-07
64.215,-1.1111e-07
64.22,-9.4801e-08
64.225,-9.8879e-08
64.23,-1.0703e-07
64.235,-9.2762e-08
64.24,-8.7666e-08
64.245,-9.5821e-08
64.25,-9.7859e-08
64.255,-9.2762e-08
64.26,-8.7666e-08
64.265,-9.1743e-08
64.27,-9.1743e-08
64.275,-8.4608e-08
64.28,-7.9511e-08
64.285,-8.053e-08
64.29,-8.3588e-08
64.295,-7.9511e-08
64.3,-7.6453e-08
64.305,-8.053e-08
64.31,-8.3588e-08
64.315,-7.9511e-08
64.32,-7.8491e-08
64.325,-8.053e-08
64.33,-8.1549e-08
64.335,-8.053e-08
64.34,-7.7472e-08
64.345,-7.7472e-08
64.35,-7.9511e-08
64.355,-7.8491e-08
64.36,-7.4414e-08
64.365,-7.5433e-08
64.37,-7.8491e-08
64.375,-7.6453e-08
64.38,-7.4414e-08
64.385,-7.6453e-08
64.39,-7.7472e-08
64.395,-7.6453e-08
64.4,-7.4414e-08
64.405,-7.5433e-08
64.41,-7.5433e-08
64.415,-7.4414e-08
64.42,-7.4414e-08
64.425,-7.4414e-08
64.43,-7.4414e-08
64.435,-7.4414e-08
64.44,-7.4414e-08
64.445,-7.4414e-08
64.45,-7.4414e-08
64.455,-7.4414e-08
64.46,-7.4414e-08
64.465,-7.4414e-08
64.47,-7.5433e-08
64.475,-7.4414e-08
64.48,-7.4414e-08
64.485,-7.4414e-08
64.49,-7.5433e-08
64.495,-7.5433e-08
64.5,-7.5433e-08
64.505,-7.5433e-08
64.51,-7.6453e-08
64.515,-7.6453e-08
64.52,-7.5433e-08
64.525,-7.6453e-08
64.53,-7.6453e-08
64.535,-7.6453e-08
64.54,-7.6453e-08
64.545,-7.6453e-08
64.55,-7.6453e-08
64.555,-7.6453e-08
64.56,-7.6453e-08
64.565,-7.6453e-08
64.57,-7.6453e-08
64.575,-7.6453e-08
64.58,-7.6453e-08
64.585,-7.6453e-08
64.59,-7.7472e-08
64.595,-7.7472e-08
64.6,-7.7472e-08
64.605,-7.7472e-08
64.61,-7.7472e-08
64.615,-7.7472e-08
64.62,-7.7472e-08
64.625,-7.7472e-08
64.63,-7.7472e-08
64.635,-7.7472e-08
64.64,-7.7472e-08
64.645,-7.7472e-08
64.65,-7.7472e-08
64.655,-7.7472e-08
64.66,-7.7472e-08
64.665,-7.7472e-08
64.67,-7.7472e-08
64.675,-7.7472e-08
64.68,-7.7472e-08
64.685,-7.7472e-08
64.69,-7.7472e-08
64.695,-7.7472e-08
64.7,-7.7472e-08
64.705,-7.7472e-08
64.71,-7.7472e-08
64.715,-7.7472e-08
64.72,-7.8491e-08
64.725,-7.8491e-08
64.73,-7.8491e-08
64.735,-7.8491e-08
64.74,-7.8491e-08
64.745,-7.8491e-08
64.75,-7.8491e-08
64.755,-7.8491e-08
64.76,-7.8491e-08
64.765,-7.8491e-08
64.77,-7.8491e-08
64.775,-7.8491e-08
64.78,-7.8491e-08
64.785,-7.8491e-08
64.79,-7.8491e-08
64.795,-7.8491e-08
64.8,-7.8491e-08
64.805,-7.8491e-08
64.81,-7.8491e-08
64.815,-7.8491e-08
64.82,-7.8491e-08
64.825,-7.8491e-08
64.83,-7.8491e-08
64.835,-7.8491e-08
64.84,-7.7472e-08
64.845,-7.7472e-08
