0,-0.00029586
0.005,-0.00028572
0.01,-0.00029342
0.015,-0.00028648
0.02,-0.00029852
0.025,-0.0002929
0.03,-0.0003003
0.035,-0.00028427
0.04,-0.00027972
0.045,-0.00026107
0.05,-0.00027487
0.055,-0.00028514
0.06,-0.00032969
0.065,-0.00036406
0.07,-0.00042442
0.075,-0.00042639
0.08,-0.00040602
0.085,-0.00034567
0.09,-0.00030198
0.095,-0.00023116
0.1,-0.0001528
0.105,-6.0184e-05
0.11,-1.1941e-05
0.115,2.9305e-05
0.12,2.614e-05
0.125,1.4717e-05
0.13,-3.4227e-05
0.135,-0.0001035
0.14,-0.00019246
0.145,-0.00026224
0.15,-0.00034428
0.155,-0.00037861
0.16,-0.00042364
0.165,-0.00041136
0.17,-0.00037782
0.175,-0.00035968
0.18,-0.00042631
0.185,-0.00056393
0.19,-0.00078352
0.195,-0.00098297
0.2,-0.0011195
0.205,-0.0010931
0.21,-0.00092082
0.215,-0.00062882
0.22,-0.00038111
0.225,-0.0002384
0.23,-0.00033135
0.235,-0.00060129
0.24,-0.00091561
0.245,-0.0011642
0.25,-0.0013943
0.255,-0.0015211
0.26,-0.0015615
0.265,-0.0013517
0.27,-0.001049
0.275,-0.0003101
0.28,0.00041202
0.285,0.00081328
0.29,0.00091316
0.295,0.0010251
0.3,0.001192
0.305,0.001319
0.31,0.0012096
0.315,0.00066085
0.32,-0.00048444
0.325,-0.0020625
0.33,-0.0032283
0.335,-0.0029549
0.34,-0.0014155
0.345,-4.3143e-05
0.35,0.00029246
0.355,-0.00012616
0.36,-0.00037447
0.365,-7.1286e-05
0.37,0.00046175
0.375,0.0010676
0.38,0.0013725
0.385,0.0014724
0.39,0.0014513
0.395,0.001542
0.4,0.0020441
0.405,0.0025757
0.41,0.0024963
0.415,0.0020751
0.42,0.0012025
0.425,0.0003298
0.43,-0.00040076
0.435,-0.0011385
0.44,-0.0019715
0.445,-0.0025384
0.45,-0.0032357
0.455,-0.0036754
0.46,-0.0033927
0.465,-0.002699
0.47,-0.002313
0.475,-0.0023239
0.48,-0.0023926
0.485,-0.0024369
0.49,-0.0024101
0.495,-0.0018503
0.5,-0.00024583
0.505,0.002976
0.51,0.0067552
0.515,0.0097363
0.52,0.011806
0.525,0.011855
0.53,0.0099274
0.535,0.0066813
0.54,0.0020466
0.545,-0.0014979
0.55,-0.0022505
0.555,-0.0018364
0.56,-0.0013405
0.565,-0.00093412
0.57,-0.0012628
0.575,-0.0020852
0.58,-0.002869
0.585,-0.0036464
0.59,-0.0039866
0.595,-0.0036081
0.6,-0.0030985
0.605,-0.0026532
0.61,-0.0018442
0.615,-0.0010362
0.62,-0.00052163
0.625,-0.00036455
0.63,-0.00037342
0.635,-0.001104
0.64,-0.0025898
0.645,-0.0043746
0.65,-0.0049529
0.655,-0.0034553
0.66,2.792e-05
0.665,0.0049151
0.67,0.011129
0.675,0.014816
0.68,0.013589
0.685,0.0091006
0.69,0.002641
0.695,-0.0025722
0.7,-0.0032413
0.705,-7.1865e-06
0.71,0.0039684
0.715,0.0065948
0.72,0.008023
0.725,0.0074784
0.73,0.0046069
0.735,0.00063809
0.74,-0.0028787
0.745,-0.0048448
0.75,-0.0051982
0.755,-0.0031374
0.76,-0.00024122
0.765,0.0012051
0.77,0.0013751
0.775,0.0020184
0.78,0.0031601
0.785,0.0039901
0.79,0.0044445
0.795,0.0050197
0.8,0.004381
0.805,0.001736
0.81,-0.0023959
0.815,-0.0087131
0.82,-0.01342
0.825,-0.013286
0.83,-0.0088815
0.835,-0.0017099
0.84,0.0051496
0.845,0.0085474
0.85,0.0071505
0.855,0.0035948
0.86,-0.00021636
0.865,-0.0049441
0.87,-0.0086866
0.875,-0.0074551
0.88,-0.0021284
0.885,0.0039145
0.89,0.0095373
0.895,0.011908
0.9,0.00897
0.905,0.0017578
0.91,-0.010208
0.915,-0.021035
0.92,-0.0235
0.925,-0.018388
0.93,-0.0078359
0.935,0.0078895
0.94,0.02341
0.945,0.035178
0.95,0.045288
0.955,0.052371
0.96,0.053762
0.965,0.049175
0.97,0.037062
0.975,0.015959
0.98,-0.0054762
0.985,-0.028418
0.99,-0.039285
0.995,-0.032726
1,-0.022512
1.005,-0.0185
1.01,-0.0187
1.015,-0.020627
1.02,-0.02457
1.025,-0.03473
1.03,-0.050345
1.035,-0.057765
1.04,-0.054855
1.045,-0.047961
1.05,-0.041224
1.055,-0.032247
1.06,-0.021282
1.065,-0.012964
1.07,-0.0080575
1.075,-0.0061466
1.08,-0.006652
1.085,-0.0087548
1.09,-0.012184
1.095,-0.015685
1.1,-0.016805
1.105,-0.016298
1.11,-0.013821
1.115,-0.010724
1.12,-0.0081454
1.125,-0.0055539
1.13,-0.0025987
1.135,0.00057881
1.14,0.002762
1.145,0.004688
1.15,0.0067723
1.155,0.0090271
1.16,0.010413
1.165,0.0095669
1.17,0.0061571
1.175,0.0026793
1.18,-0.00064896
1.185,-0.0017069
1.19,0.0012317
1.195,0.00788
1.2,0.016186
1.205,0.024215
1.21,0.026948
1.215,0.023435
1.22,0.017351
1.225,0.0078074
1.23,-0.0032385
1.235,-0.011623
1.24,-0.016766
1.245,-0.016924
1.25,-0.013189
1.255,-0.0093457
1.26,-0.0057192
1.265,0.002177
1.27,0.011634
1.275,0.018446
1.28,0.026384
1.285,0.03288
1.29,0.03547
1.295,0.035379
1.3,0.03535
1.305,0.036651
1.31,0.039322
1.315,0.040934
1.32,0.040562
1.325,0.037997
1.33,0.031164
1.335,0.022395
1.34,0.017652
1.345,0.021001
1.35,0.032234
1.355,0.046223
1.36,0.051964
1.365,0.046393
1.37,0.035405
1.375,0.019836
1.38,0.0069855
1.385,0.0032599
1.39,0.0073751
1.395,0.01442
1.4,0.020089
1.405,0.023316
1.41,0.022435
1.415,0.019878
1.42,0.019797
1.425,0.023019
1.43,0.027654
1.435,0.032513
1.44,0.036925
1.445,0.03822
1.45,0.034388
1.455,0.026667
1.46,0.014783
1.465,0.0058285
1.47,0.0027984
1.475,0.0028028
1.48,0.001685
1.485,-0.0027107
1.49,-0.007879
1.495,-0.012257
1.5,-0.012968
1.505,-0.0081293
1.51,0.0036801
1.515,0.019159
1.52,0.029892
1.525,0.0371
1.53,0.038717
1.535,0.035755
1.54,0.032378
1.545,0.029256
1.55,0.026146
1.555,0.024248
1.56,0.024463
1.565,0.025354
1.57,0.024971
1.575,0.022578
1.58,0.015688
1.585,0.0045834
1.59,-0.0045836
1.595,-0.011059
1.6,-0.013695
1.605,-0.011252
1.61,-0.0034665
1.615,0.0050414
1.62,0.0079596
1.625,0.0034195
1.63,-0.0083512
1.635,-0.033089
1.64,-0.062654
1.645,-0.077469
1.65,-0.083048
1.655,-0.082035
1.66,-0.076296
1.665,-0.06643
1.67,-0.049335
1.675,-0.032009
1.68,-0.021335
1.685,-0.014586
1.69,-0.01391
1.695,-0.022173
1.7,-0.038018
1.705,-0.055442
1.71,-0.067348
1.715,-0.067561
1.72,-0.057069
1.725,-0.042772
1.73,-0.032993
1.735,-0.030574
1.74,-0.03247
1.745,-0.036368
1.75,-0.043942
1.755,-0.056001
1.76,-0.070127
1.765,-0.08451
1.77,-0.095852
1.775,-0.10257
1.78,-0.10717
1.785,-0.10979
1.79,-0.10986
1.795,-0.1094
1.8,-0.11044
1.805,-0.11275
1.81,-0.11553
1.815,-0.11798
1.82,-0.11828
1.825,-0.11551
1.83,-0.10965
1.835,-0.10112
1.84,-0.087108
1.845,-0.068957
1.85,-0.045862
1.855,-0.019442
1.86,0.0086721
1.865,0.033699
1.87,0.057457
1.875,0.079773
1.88,0.09968
1.885,0.11902
1.89,0.12909
1.895,0.12556
1.9,0.11441
1.905,0.096018
1.91,0.073245
1.915,0.058861
1.92,0.051276
1.925,0.04764
1.93,0.048188
1.935,0.051254
1.94,0.051485
1.945,0.046913
1.95,0.036906
1.955,0.015064
1.96,-0.0065374
1.965,-0.014552
1.97,-0.014353
1.975,-0.014758
1.98,-0.014262
1.985,-0.0092071
1.99,0.0021483
1.995,0.013337
2,0.017285
2.005,0.014463
2.01,0.0082931
2.015,-0.0022976
2.02,-0.021161
2.025,-0.036486
2.03,-0.036175
2.035,-0.023766
2.04,-0.0034044
2.045,0.023138
2.05,0.041471
2.055,0.05114
2.06,0.056592
2.065,0.059082
2.07,0.058645
2.075,0.053392
2.08,0.049924
2.085,0.054901
2.09,0.066583
2.095,0.080882
2.1,0.088251
2.105,0.087012
2.11,0.080773
2.115,0.07085
2.12,0.053846
2.125,0.033078
2.13,0.014189
2.135,0.0026206
2.14,-0.0012388
2.145,-0.0034338
2.15,-0.0065897
2.155,-0.0096613
2.16,-0.010998
2.165,-0.0095191
2.17,-0.0072984
2.175,-0.0056694
2.18,-0.0033876
2.185,0.0018796
2.19,0.011775
2.195,0.030117
2.2,0.050891
2.205,0.069079
2.21,0.076784
2.215,0.073829
2.22,0.069665
2.225,0.068124
2.23,0.067771
2.235,0.0674
2.24,0.066907
2.245,0.066074
2.25,0.065399
2.255,0.059817
2.26,0.046419
2.265,0.03126
2.27,0.019546
2.275,0.012481
2.28,0.009861
2.285,0.010781
2.29,0.012093
2.295,0.01199
2.3,0.010762
2.305,0.0070059
2.31,0.00025022
2.315,-0.0092217
2.32,-0.020395
2.325,-0.031327
2.33,-0.041361
2.335,-0.049564
2.34,-0.05697
2.345,-0.063834
2.35,-0.073006
2.355,-0.086013
2.36,-0.095932
2.365,-0.10118
2.37,-0.10249
2.375,-0.10181
2.38,-0.10128
2.385,-0.10157
2.39,-0.10248
2.395,-0.10317
2.4,-0.10339
2.405,-0.10317
2.41,-0.10229
2.415,-0.10065
2.42,-0.098418
2.425,-0.094703
2.43,-0.090973
2.435,-0.08961
2.44,-0.09146
2.445,-0.094021
2.45,-0.097749
2.455,-0.10392
2.46,-0.11129
2.465,-0.1155
2.47,-0.1172
2.475,-0.11856
2.48,-0.12131
2.485,-0.12561
2.49,-0.13258
2.495,-0.13951
2.5,-0.14516
2.505,-0.14995
2.51,-0.1539
2.515,-0.15759
2.52,-0.15694
2.525,-0.15015
2.53,-0.14172
2.535,-0.13452
2.54,-0.12911
2.545,-0.12455
2.55,-0.12462
2.555,-0.12941
2.56,-0.13275
2.565,-0.12931
2.57,-0.11871
2.575,-0.095743
2.58,-0.069428
2.585,-0.040595
2.59,-0.005096
2.595,0.030161
2.6,0.063933
2.605,0.11019
2.61,0.15472
2.615,0.17025
2.62,0.15682
2.625,0.13139
2.63,0.10298
2.635,0.076072
2.64,0.053804
2.645,0.047217
2.65,0.060693
2.655,0.081643
2.66,0.096132
2.665,0.10422
2.67,0.10783
2.675,0.10818
2.68,0.1072
2.685,0.10675
2.69,0.10695
2.695,0.10635
2.7,0.10323
2.705,0.097962
2.71,0.08939
2.715,0.078145
2.72,0.066917
2.725,0.052934
2.73,0.035521
2.735,0.021365
2.74,0.0089312
2.745,-0.0066973
2.75,-0.023113
2.755,-0.035088
2.76,-0.041309
2.765,-0.042463
2.77,-0.039498
2.775,-0.031787
2.78,-0.016452
2.785,0.0062098
2.79,0.025411
2.795,0.043349
2.8,0.066515
2.805,0.092806
2.81,0.11433
2.815,0.13296
2.82,0.15282
2.825,0.1725
2.83,0.19315
2.835,0.21194
2.84,0.22984
2.845,0.24451
2.85,0.2521
2.855,0.25515
2.86,0.25709
2.865,0.25692
2.87,0.2519
2.875,0.243
2.88,0.23246
2.885,0.22358
2.89,0.2175
2.895,0.21424
2.9,0.21039
2.905,0.20378
2.91,0.19572
2.915,0.18645
2.92,0.1735
2.925,0.1582
2.93,0.13957
2.935,0.11987
2.94,0.10223
2.945,0.084005
2.95,0.065123
2.955,0.047204
2.96,0.035466
2.965,0.03077
2.97,0.030962
2.975,0.034422
2.98,0.037861
2.985,0.041304
2.99,0.042864
2.995,0.042437
3,0.041418
3.005,0.041438
3.01,0.042241
3.015,0.042853
3.02,0.040909
3.025,0.036451
3.03,0.026603
3.035,0.01546
3.04,0.0055399
3.045,-0.0022556
3.05,-0.011038
3.055,-0.02206
3.06,-0.030744
3.065,-0.050362
3.07,-0.078336
3.075,-0.096869
3.08,-0.10866
3.085,-0.1225
3.09,-0.14102
3.095,-0.16068
3.1,-0.17632
3.105,-0.18663
3.11,-0.1998
3.115,-0.21235
3.12,-0.2204
3.125,-0.22886
3.13,-0.23742
3.135,-0.24384
3.14,-0.25203
3.145,-0.25955
3.15,-0.26708
3.155,-0.27573
3.16,-0.28534
3.165,-0.29402
3.17,-0.3022
3.175,-0.31696
3.18,-0.33323
3.185,-0.34765
3.19,-0.36084
3.195,-0.36828
3.2,-0.37198
3.205,-0.3717
3.21,-0.36875
3.215,-0.36259
3.22,-0.35621
3.225,-0.34886
3.23,-0.34117
3.235,-0.33021
3.24,-0.31965
3.245,-0.31139
3.25,-0.30597
3.255,-0.30121
3.26,-0.29784
3.265,-0.29226
3.27,-0.28429
3.275,-0.27242
3.28,-0.24891
3.285,-0.21443
3.29,-0.18618
3.295,-0.15704
3.3,-0.10013
3.305,-0.034237
3.31,0.016612
3.315,0.077796
3.32,0.14465
3.325,0.2967
3.33,0.50082
3.335,0.83806
3.34,1.0827
3.345,0.9937
3.35,0.72556
3.355,0.43949
3.36,0.20911
3.365,0.19712
3.37,0.41881
3.375,0.62671
3.38,0.67171
3.385,0.58655
3.39,0.51176
3.395,0.52282
3.4,0.57488
3.405,0.5945
3.41,0.54292
3.415,0.47847
3.42,0.4274
3.425,0.37096
3.43,0.30106
3.435,0.21005
3.44,0.085059
3.445,-0.020449
3.45,-0.030207
3.455,-0.0043218
3.46,-0.048014
3.465,-0.16
3.47,-0.2483
3.475,-0.30906
3.48,-0.33621
3.485,-0.32911
3.49,-0.30064
3.495,-0.27209
3.5,-0.27243
3.505,-0.29457
3.51,-0.30157
3.515,-0.27422
3.52,-0.2264
3.525,-0.17028
3.53,-0.12545
3.535,-0.076587
3.54,-0.021416
3.545,0.037275
3.55,0.12031
3.555,0.18588
3.56,0.19933
3.565,0.18523
3.57,0.17804
3.575,0.19235
3.58,0.22483
3.585,0.25125
3.59,0.25904
3.595,0.25518
3.6,0.24867
3.605,0.24144
3.61,0.22378
3.615,0.19528
3.62,0.17021
3.625,0.15614
3.63,0.13037
3.635,0.077545
3.64,0.057637
3.645,0.091985
3.65,0.12148
3.655,0.10633
3.66,0.042556
3.665,-0.0043138
3.67,-0.00038262
3.675,0.014535
3.68,0.00012172
3.685,-0.042304
3.69,-0.078781
3.695,-0.08745
3.7,-0.072742
3.705,-0.04781
3.71,-0.027906
3.715,-0.013905
3.72,0.0012672
3.725,0.013298
3.73,0.023323
3.735,0.037362
3.74,0.053505
3.745,0.066923
3.75,0.073168
3.755,0.071193
3.76,0.064812
3.765,0.050978
3.77,0.030355
3.775,0.0049435
3.78,-0.02079
3.785,-0.040902
3.79,-0.053964
3.795,-0.062219
3.8,-0.065916
3.805,-0.065258
3.81,-0.061906
3.815,-0.059569
3.82,-0.05531
3.825,-0.048142
3.83,-0.034116
3.835,-0.01945
3.84,-0.0093657
3.845,-0.0012803
3.85,0.0041975
3.855,0.0047003
3.86,0.0012563
3.865,-0.0063151
3.87,-0.016063
3.875,-0.026446
3.88,-0.039444
3.885,-0.059512
3.89,-0.077192
3.895,-0.085574
3.9,-0.08984
3.905,-0.099969
3.91,-0.11302
3.915,-0.13328
3.92,-0.15087
3.925,-0.15945
3.93,-0.16645
3.935,-0.1803
3.94,-0.19459
3.945,-0.20556
3.95,-0.21076
3.955,-0.20618
3.96,-0.19421
3.965,-0.18406
3.97,-0.17962
3.975,-0.18089
3.98,-0.18725
3.985,-0.19556
3.99,-0.20287
3.995,-0.20937
4,-0.21661
4.005,-0.22535
4.01,-0.23903
4.015,-0.25548
4.02,-0.26863
4.025,-0.2805
4.03,-0.29108
4.035,-0.29838
4.04,-0.3043
4.045,-0.30796
4.05,-0.30133
4.055,-0.28498
4.06,-0.26984
4.065,-0.26257
4.07,-0.25329
4.075,-0.22692
4.08,-0.18312
4.085,-0.10551
4.09,-0.03152
4.095,-0.012747
4.1,-0.022537
4.105,-0.020435
4.11,0.00025576
4.115,0.029647
4.12,0.060336
4.125,0.099689
4.13,0.15807
4.135,0.21452
4.14,0.25864
4.145,0.28836
4.15,0.2968
4.155,0.28969
4.16,0.28444
4.165,0.2886
4.17,0.30094
4.175,0.31843
4.18,0.33183
4.185,0.33291
4.19,0.32843
4.195,0.32314
4.2,0.31299
4.205,0.28913
4.21,0.25496
4.215,0.222
4.22,0.1881
4.225,0.15423
4.23,0.12676
4.235,0.11252
4.24,0.10378
4.245,0.082767
4.25,0.055148
4.255,0.028052
4.26,0.0060109
4.265,-0.0083387
4.27,-0.01703
4.275,-0.022423
4.28,-0.027561
4.285,-0.03175
4.29,-0.03432
4.295,-0.037242
4.3,-0.040809
4.305,-0.044938
4.31,-0.046379
4.315,-0.041591
4.32,-0.031846
4.325,-0.018466
4.33,-0.00062212
4.335,0.017513
4.34,0.043631
4.345,0.059401
4.35,0.055576
4.355,0.046066
4.36,0.041842
4.365,0.046186
4.37,0.052841
4.375,0.054501
4.38,0.047536
4.385,0.03818
4.39,0.030422
4.395,0.018481
4.4,0.0018481
4.405,-0.0105
4.41,-0.0081799
4.415,0.004838
4.42,0.012343
4.425,0.0058488
4.43,-0.0080947
4.435,-0.014496
4.44,-0.0082752
4.445,0.0010636
4.45,0.0034269
4.455,-0.0035431
4.46,-0.010789
4.465,-0.013081
4.47,-0.011527
4.475,-0.011144
4.48,-0.015479
4.485,-0.021165
4.49,-0.023917
4.495,-0.023408
4.5,-0.024575
4.505,-0.028439
4.51,-0.036017
4.515,-0.041949
4.52,-0.042965
4.525,-0.042955
4.53,-0.045737
4.535,-0.049854
4.54,-0.049892
4.545,-0.044717
4.55,-0.038637
4.555,-0.036105
4.56,-0.035863
4.565,-0.034115
4.57,-0.028046
4.575,-0.020821
4.58,-0.019635
4.585,-0.025259
4.59,-0.033352
4.595,-0.039411
4.6,-0.041056
4.605,-0.038863
4.61,-0.037158
4.615,-0.038469
4.62,-0.040815
4.625,-0.041468
4.63,-0.042325
4.635,-0.044744
4.64,-0.047314
4.645,-0.04948
4.65,-0.051085
4.655,-0.053078
4.66,-0.055521
4.665,-0.05844
4.67,-0.06106
4.675,-0.063257
4.68,-0.064284
4.685,-0.065617
4.69,-0.06642
4.695,-0.065498
4.7,-0.064233
4.705,-0.063821
4.71,-0.062508
4.715,-0.059995
4.72,-0.057129
4.725,-0.054219
4.73,-0.05074
4.735,-0.047628
4.74,-0.045065
4.745,-0.041993
4.75,-0.037415
4.755,-0.033591
4.76,-0.030786
4.765,-0.028055
4.77,-0.025486
4.775,-0.022327
4.78,-0.021033
4.785,-0.021685
4.79,-0.023036
4.795,-0.022258
4.8,-0.021234
4.805,-0.02155
4.81,-0.02204
4.815,-0.020489
4.82,-0.015548
4.825,-0.0094258
4.83,-0.0028854
4.835,0.0025682
4.84,0.0050648
4.845,0.0071467
4.85,0.012788
4.855,0.021318
4.86,0.02884
4.865,0.035257
4.87,0.038898
4.875,0.039315
4.88,0.038438
4.885,0.036861
4.89,0.035386
4.895,0.035011
4.9,0.034157
4.905,0.032728
4.91,0.028392
4.915,0.022585
4.92,0.015717
4.925,0.0078056
4.93,0.00032564
4.935,-0.0064821
4.94,-0.01489
4.945,-0.022297
4.95,-0.024786
4.955,-0.024781
4.96,-0.02528
4.965,-0.025933
4.97,-0.026017
4.975,-0.025717
4.98,-0.025187
4.985,-0.024616
4.99,-0.023412
4.995,-0.023457
5,-0.023638
5.005,-0.022264
5.01,-0.020621
5.015,-0.020156
5.02,-0.02096
5.025,-0.022255
5.03,-0.023465
5.035,-0.024376
5.04,-0.024199
5.045,-0.024327
5.05,-0.025384
5.055,-0.02507
5.06,-0.022187
5.065,-0.017385
5.07,-0.011766
5.075,-0.0031472
5.08,0.010518
5.085,0.025803
5.09,0.037988
5.095,0.046863
5.1,0.052834
5.105,0.060997
5.11,0.07083
5.115,0.076242
5.12,0.077222
5.125,0.075603
5.13,0.073366
5.135,0.070191
5.14,0.066505
5.145,0.061275
5.15,0.053035
5.155,0.042594
5.16,0.033953
5.165,0.028421
5.17,0.020501
5.175,0.013524
5.18,0.011395
5.185,0.011158
5.19,0.01089
5.195,0.0098216
5.2,0.0086097
5.205,0.0081331
5.21,0.0090451
5.215,0.0099002
5.22,0.010294
5.225,0.011026
5.23,0.011692
5.235,0.012803
5.24,0.013965
5.245,0.014511
5.25,0.014102
5.255,0.012763
5.26,0.011583
5.265,0.011165
5.27,0.01088
5.275,0.0092889
5.28,0.0061647
5.285,0.0032187
5.29,-0.0017529
5.295,-0.0085278
5.3,-0.013689
5.305,-0.017791
5.31,-0.024216
5.315,-0.032805
5.32,-0.040447
5.325,-0.048697
5.33,-0.058727
5.335,-0.067809
5.34,-0.074437
5.345,-0.081181
5.35,-0.087219
5.355,-0.09125
5.36,-0.094351
5.365,-0.098072
5.37,-0.10205
5.375,-0.10377
5.38,-0.10365
5.385,-0.10265
5.39,-0.10155
5.395,-0.10037
5.4,-0.097217
5.405,-0.092882
5.41,-0.087645
5.415,-0.085273
5.42,-0.082346
5.425,-0.075138
5.43,-0.066609
5.435,-0.058565
5.44,-0.05223
5.445,-0.046387
5.45,-0.039685
5.455,-0.032095
5.46,-0.026223
5.465,-0.020501
5.47,-0.014644
5.475,-0.01037
5.48,-0.0070275
5.485,-0.003902
5.49,-0.0016923
5.495,-0.00042982
5.5,0.0011054
5.505,0.0036065
5.51,0.0079672
5.515,0.0099703
5.52,0.011599
5.525,0.015741
5.53,0.022211
5.535,0.030244
5.54,0.039389
5.545,0.047184
5.55,0.057794
5.555,0.068589
5.56,0.078035
5.565,0.089176
5.57,0.09995
5.575,0.11027
5.58,0.11757
5.585,0.12287
5.59,0.1308
5.595,0.13586
5.6,0.13794
5.605,0.14016
5.61,0.1421
5.615,0.14443
5.62,0.14666
5.625,0.14694
5.63,0.14618
5.635,0.14438
5.64,0.14043
5.645,0.13539
5.65,0.1271
5.655,0.11636
5.66,0.10481
5.665,0.090787
5.67,0.077626
5.675,0.065884
5.68,0.054453
5.685,0.044772
5.69,0.035673
5.695,0.027101
5.7,0.021124
5.705,0.016953
5.71,0.011031
5.715,0.0044811
5.72,0.0012689
5.725,0.0010618
5.73,0.0016258
5.735,0.001862
5.74,0.00083311
5.745,0.00082582
5.75,0.0021105
5.755,0.0023601
5.76,2.0227e-06
5.765,-0.0043326
5.77,-0.0088642
5.775,-0.014068
5.78,-0.019742
5.785,-0.025674
5.79,-0.03218
5.795,-0.038435
5.8,-0.043514
5.805,-0.047621
5.81,-0.050374
5.815,-0.05245
5.82,-0.054763
5.825,-0.059244
5.83,-0.06398
5.835,-0.066535
5.84,-0.068529
5.845,-0.070602
5.85,-0.073044
5.855,-0.076829
5.86,-0.081225
5.865,-0.084177
5.87,-0.085026
5.875,-0.084321
5.88,-0.083269
5.885,-0.083539
5.89,-0.085694
5.895,-0.087835
5.9,-0.088004
5.905,-0.085959
5.91,-0.084558
5.915,-0.085437
5.92,-0.087472
5.925,-0.087255
5.93,-0.086098
5.935,-0.087471
5.94,-0.089877
5.945,-0.091136
5.95,-0.09182
5.955,-0.092823
5.96,-0.093045
5.965,-0.094358
5.97,-0.096088
5.975,-0.096632
5.98,-0.096381
5.985,-0.093466
5.99,-0.090758
5.995,-0.087197
6,-0.082405
6.005,-0.07787
6.01,-0.072813
6.015,-0.065908
6.02,-0.061052
6.025,-0.057035
6.03,-0.053232
6.035,-0.048562
6.04,-0.042127
6.045,-0.035279
6.05,-0.029759
6.055,-0.023805
6.06,-0.016307
6.065,-0.0068615
6.07,0.0031156
6.075,0.014317
6.08,0.024659
6.085,0.034813
6.09,0.044764
6.095,0.054727
6.1,0.064404
6.105,0.072167
6.11,0.081106
6.115,0.090987
6.12,0.099944
6.125,0.10779
6.13,0.1155
6.135,0.12028
6.14,0.12625
6.145,0.13293
6.15,0.13779
6.155,0.14039
6.16,0.14231
6.165,0.14611
6.17,0.14967
6.175,0.15
6.18,0.14893
6.185,0.14794
6.19,0.14642
6.195,0.1431
6.2,0.1369
6.205,0.12905
6.21,0.11987
6.215,0.10891
6.22,0.095497
6.225,0.082146
6.23,0.069927
6.235,0.059799
6.24,0.051058
6.245,0.042098
6.25,0.032711
6.255,0.024208
6.26,0.015176
6.265,0.0068285
6.27,-0.00048772
6.275,-0.0076418
6.28,-0.013804
6.285,-0.017891
6.29,-0.021532
6.295,-0.025467
6.3,-0.029671
6.305,-0.033512
6.31,-0.037059
6.315,-0.041412
6.32,-0.045133
6.325,-0.048572
6.33,-0.051784
6.335,-0.053332
6.34,-0.056976
6.345,-0.060324
6.35,-0.06188
6.355,-0.062702
6.36,-0.062701
6.365,-0.062457
6.37,-0.062534
6.375,-0.06237
6.38,-0.060005
6.385,-0.056274
6.39,-0.052155
6.395,-0.046772
6.4,-0.038813
6.405,-0.028144
6.41,-0.016611
6.415,-0.0079792
6.42,-0.0019275
6.425,0.0027455
6.43,0.0093107
6.435,0.016805
6.44,0.022355
6.445,0.026716
6.45,0.034176
6.455,0.044445
6.46,0.05301
6.465,0.05802
6.47,0.060247
6.475,0.061783
6.48,0.063778
6.485,0.065458
6.49,0.065562
6.495,0.064059
6.5,0.061865
6.505,0.05973
6.51,0.057496
6.515,0.054735
6.52,0.051719
6.525,0.049285
6.53,0.046312
6.535,0.043457
6.54,0.041318
6.545,0.039102
6.55,0.036741
6.555,0.034949
6.56,0.033676
6.565,0.031911
6.57,0.030531
6.575,0.028467
6.58,0.025848
6.585,0.023609
6.59,0.021985
6.595,0.020767
6.6,0.019768
6.605,0.018805
6.61,0.018164
6.615,0.017976
6.62,0.018264
6.625,0.018915
6.63,0.019968
6.635,0.021287
6.64,0.022632
6.645,0.023789
6.65,0.023876
6.655,0.022736
6.66,0.02055
6.665,0.015611
6.67,0.0092897
6.675,0.0064929
6.68,0.0059578
6.685,0.003289
6.69,-0.0018923
6.695,-0.007352
6.7,-0.011307
6.705,-0.01356
6.71,-0.016331
6.715,-0.020831
6.72,-0.025016
6.725,-0.027387
6.73,-0.028858
6.735,-0.030287
6.74,-0.0319
6.745,-0.033104
6.75,-0.033909
6.755,-0.034747
6.76,-0.035794
6.765,-0.037855
6.77,-0.039647
6.775,-0.04006
6.78,-0.039542
6.785,-0.03944
6.79,-0.040148
6.795,-0.03909
6.8,-0.036131
6.805,-0.033699
6.81,-0.031458
6.815,-0.02882
6.82,-0.025806
6.825,-0.022791
6.83,-0.020296
6.835,-0.018126
6.84,-0.015462
6.845,-0.013027
6.85,-0.011
6.855,-0.0095701
6.86,-0.0097407
6.865,-0.010797
6.87,-0.011476
6.875,-0.012337
6.88,-0.01446
6.885,-0.01759
6.89,-0.020027
6.895,-0.023623
6.9,-0.026807
6.905,-0.028754
6.91,-0.030302
6.915,-0.032825
6.92,-0.034044
6.925,-0.033664
6.93,-0.034617
6.935,-0.036604
6.94,-0.037796
6.945,-0.037682
6.95,-0.037281
6.955,-0.036466
6.96,-0.03512
6.965,-0.034203
6.97,-0.034002
6.975,-0.034397
6.98,-0.035067
6.985,-0.036662
6.99,-0.03875
6.995,-0.039642
7,-0.04198
7.005,-0.046404
7.01,-0.050716
7.015,-0.053855
7.02,-0.056101
7.025,-0.058879
7.03,-0.060431
7.035,-0.060535
7.04,-0.060458
7.045,-0.060998
7.05,-0.061814
7.055,-0.063156
7.06,-0.064917
7.065,-0.064749
7.07,-0.06488
7.075,-0.065205
7.08,-0.063412
7.085,-0.059965
7.09,-0.057042
7.095,-0.053129
7.1,-0.048639
7.105,-0.044541
7.11,-0.040899
7.115,-0.03688
7.12,-0.03273
7.125,-0.029024
7.13,-0.024017
7.135,-0.017817
7.14,-0.011764
7.145,-0.0068632
7.15,-0.0012589
7.155,0.0055661
7.16,0.011198
7.165,0.015832
7.17,0.020779
7.175,0.027346
7.18,0.034008
7.185,0.040201
7.19,0.045018
7.195,0.049607
7.2,0.054236
7.205,0.057703
7.21,0.060213
7.215,0.061559
7.22,0.061516
7.225,0.060961
7.23,0.060374
7.235,0.059122
7.24,0.05697
7.245,0.053661
7.25,0.049677
7.255,0.045108
7.26,0.037613
7.265,0.030171
7.27,0.023165
7.275,0.017166
7.28,0.0097417
7.285,0.0011288
7.29,-0.005846
7.295,-0.012223
7.3,-0.018309
7.305,-0.023474
7.31,-0.028172
7.315,-0.032705
7.32,-0.036856
7.325,-0.040882
7.33,-0.044568
7.335,-0.046856
7.34,-0.048077
7.345,-0.048713
7.35,-0.049223
7.355,-0.050763
7.36,-0.05224
7.365,-0.05075
7.37,-0.049931
7.375,-0.05045
7.38,-0.048853
7.385,-0.046106
7.39,-0.0423
7.395,-0.038526
7.4,-0.035519
7.405,-0.032566
7.41,-0.029472
7.415,-0.02691
7.42,-0.024485
7.425,-0.021681
7.43,-0.018764
7.435,-0.015899
7.44,-0.01279
7.445,-0.010042
7.45,-0.0068442
7.455,-0.004626
7.46,-0.0036137
7.465,-0.0022472
7.47,2.4628e-05
7.475,0.0026239
7.48,0.0051126
7.485,0.0070386
7.49,0.0092286
7.495,0.012737
7.5,0.015937
7.505,0.017755
7.51,0.019548
7.515,0.021065
7.52,0.022616
7.525,0.023096
7.53,0.022828
7.535,0.022224
7.54,0.021857
7.545,0.022028
7.55,0.022627
7.555,0.02331
7.56,0.023299
7.565,0.023618
7.57,0.024799
7.575,0.025703
7.58,0.026721
7.585,0.027874
7.59,0.029341
7.595,0.030461
7.6,0.032608
7.605,0.03636
7.61,0.040139
7.615,0.042606
7.62,0.044366
7.625,0.046201
7.63,0.048389
7.635,0.049552
7.64,0.05067
7.645,0.049421
7.65,0.04751
7.655,0.04616
7.66,0.044488
7.665,0.043768
7.67,0.043327
7.675,0.041698
7.68,0.039468
7.685,0.036828
7.69,0.034529
7.695,0.032794
7.7,0.030457
7.705,0.025991
7.71,0.022215
7.715,0.021234
7.72,0.02098
7.725,0.019991
7.73,0.018922
7.735,0.018953
7.74,0.019621
7.745,0.019947
7.75,0.019356
7.755,0.017921
7.76,0.016746
7.765,0.016048
7.77,0.014547
7.775,0.012962
7.78,0.011789
7.785,0.010801
7.79,0.0099912
7.795,0.00886
7.8,0.007484
7.805,0.005587
7.81,0.002484
7.815,-0.0003819
7.82,-0.001688
7.825,-0.0027
7.83,-0.0054662
7.835,-0.0087438
7.84,-0.01146
7.845,-0.013195
7.85,-0.013567
7.855,-0.014117
7.86,-0.015654
7.865,-0.016672
7.87,-0.019162
7.875,-0.019057
7.88,-0.020583
7.885,-0.022866
7.89,-0.023155
7.895,-0.023441
7.9,-0.022962
7.905,-0.021917
7.91,-0.021392
7.915,-0.020442
7.92,-0.017354
7.925,-0.013619
7.93,-0.010057
7.935,-0.0072714
7.94,-0.0041771
7.945,-0.00090435
7.95,0.0024995
7.955,0.0050374
7.96,0.0061833
7.965,0.0074482
7.97,0.0093372
7.975,0.012003
7.98,0.014864
7.985,0.017931
7.99,0.021183
7.995,0.023424
8,0.025249
8.005,0.026881
8.01,0.027568
8.015,0.028425
8.02,0.029402
8.025,0.030168
8.03,0.029809
8.035,0.028611
8.04,0.027467
8.045,0.026973
8.05,0.026117
8.055,0.025616
8.06,0.025922
8.065,0.026975
8.07,0.027188
8.075,0.028228
8.08,0.030825
8.085,0.032321
8.09,0.031704
8.095,0.031915
8.1,0.033236
8.105,0.03362
8.11,0.031817
8.115,0.029888
8.12,0.026961
8.125,0.023187
8.13,0.020722
8.135,0.01827
8.14,0.01368
8.145,0.0085714
8.15,0.004593
8.155,0.0010148
8.16,-0.0022434
8.165,-0.0057643
8.17,-0.009538
8.175,-0.012499
8.18,-0.016658
8.185,-0.021577
8.19,-0.025563
8.195,-0.028263
8.2,-0.029695
8.205,-0.030423
8.21,-0.031277
8.215,-0.031935
8.22,-0.031313
8.225,-0.029994
8.23,-0.02799
8.235,-0.025986
8.24,-0.023727
8.245,-0.020702
8.25,-0.017646
8.255,-0.014203
8.26,-0.0099033
8.265,-0.0055743
8.27,-0.0019989
8.275,0.0015471
8.28,0.00458
8.285,0.0068958
8.29,0.007794
8.295,0.0076287
8.3,0.0073254
8.305,0.0079792
8.31,0.0091807
8.315,0.0092601
8.32,0.0094628
8.325,0.010358
8.33,0.01219
8.335,0.015769
8.34,0.019665
8.345,0.022406
8.35,0.025169
8.355,0.02885
8.36,0.030114
8.365,0.030943
8.37,0.032368
8.375,0.033899
8.38,0.03555
8.385,0.037705
8.39,0.040326
8.395,0.043312
8.4,0.045829
8.405,0.047527
8.41,0.05002
8.415,0.052578
8.42,0.052695
8.425,0.051588
8.43,0.050399
8.435,0.04792
8.44,0.044738
8.445,0.042871
8.45,0.040934
8.455,0.037878
8.46,0.033983
8.465,0.029202
8.47,0.022764
8.475,0.016779
8.48,0.011628
8.485,0.006201
8.49,0.0011025
8.495,-0.0036009
8.5,-0.0075676
8.505,-0.011203
8.51,-0.014712
8.515,-0.017772
8.52,-0.02068
8.525,-0.024905
8.53,-0.029132
8.535,-0.031306
8.54,-0.032049
8.545,-0.033164
8.55,-0.033629
8.555,-0.033989
8.56,-0.034771
8.565,-0.035333
8.57,-0.035334
8.575,-0.035661
8.58,-0.036705
8.585,-0.038049
8.59,-0.041596
8.595,-0.046107
8.6,-0.04882
8.605,-0.048971
8.61,-0.048619
8.615,-0.04913
8.62,-0.04965
8.625,-0.04959
8.63,-0.048309
8.635,-0.046043
8.64,-0.042811
8.645,-0.038387
8.65,-0.03372
8.655,-0.029831
8.66,-0.026481
8.665,-0.022661
8.67,-0.018801
8.675,-0.015817
8.68,-0.01231
8.685,-0.010162
8.69,-0.008785
8.695,-0.0068931
8.7,-0.0041615
8.705,-0.0013808
8.71,0.00045703
8.715,0.0028185
8.72,0.0068894
8.725,0.0111
8.73,0.014283
8.735,0.017271
8.74,0.020685
8.745,0.024188
8.75,0.026274
8.755,0.026164
8.76,0.025148
8.765,0.024791
8.77,0.02402
8.775,0.02121
8.78,0.017485
8.785,0.014076
8.79,0.010501
8.795,0.0064781
8.8,0.0029373
8.805,0.00085519
8.81,-0.0023257
8.815,-0.006479
8.82,-0.0099338
8.825,-0.014039
8.83,-0.018405
8.835,-0.022372
8.84,-0.025097
8.845,-0.027134
8.85,-0.029894
8.855,-0.033508
8.86,-0.036963
8.865,-0.038611
8.87,-0.038251
8.875,-0.037883
8.88,-0.037637
8.885,-0.036678
8.89,-0.034473
8.895,-0.029968
8.9,-0.024562
8.905,-0.018955
8.91,-0.012399
8.915,-0.0056224
8.92,-0.0012756
8.925,0.0012274
8.93,0.0032728
8.935,0.0052276
8.94,0.0062563
8.945,0.005621
8.95,0.004558
8.955,0.0036654
8.96,0.0032086
8.965,0.0025673
8.97,0.0028348
8.975,0.0029494
8.98,0.0044131
8.985,0.0079451
8.99,0.010457
8.995,0.014204
9,0.019495
9.005,0.023284
9.01,0.026514
9.015,0.029394
9.02,0.030784
9.025,0.03202
9.03,0.033437
9.035,0.034847
9.04,0.035715
9.045,0.035324
9.05,0.034735
9.055,0.03306
9.06,0.03101
9.065,0.029571
9.07,0.029169
9.075,0.027499
9.08,0.027186
9.085,0.028787
9.09,0.030839
9.095,0.033018
9.1,0.035231
9.105,0.036806
9.11,0.039007
9.115,0.041285
9.12,0.041686
9.125,0.041708
9.13,0.041373
9.135,0.041314
9.14,0.040691
9.145,0.03874
9.15,0.035264
9.155,0.031765
9.16,0.028399
9.165,0.023757
9.17,0.018971
9.175,0.014905
9.18,0.011821
9.185,0.0095341
9.19,0.0078073
9.195,0.0057901
9.2,0.0029546
9.205,0.0002323
9.21,-0.0020918
9.215,-0.0051309
9.22,-0.0081587
9.225,-0.010298
9.23,-0.010954
9.235,-0.010214
9.24,-0.010057
9.245,-0.0099017
9.25,-0.0093224
9.255,-0.0084064
9.26,-0.0069137
9.265,-0.0050702
9.27,-0.0028086
9.275,-0.00010771
9.28,0.0032668
9.285,0.0059046
9.29,0.0076343
9.295,0.0097815
9.3,0.011828
9.305,0.013348
9.31,0.014956
9.315,0.015994
9.32,0.01538
9.325,0.013665
9.33,0.011118
9.335,0.0083782
9.34,0.0054816
9.345,0.00021573
9.35,-0.0051187
9.355,-0.0092846
9.36,-0.012492
9.365,-0.014724
9.37,-0.016704
9.375,-0.018718
9.38,-0.020475
9.385,-0.021477
9.39,-0.022014
9.395,-0.022007
9.4,-0.021543
9.405,-0.02095
9.41,-0.01922
9.415,-0.016573
9.42,-0.01505
9.425,-0.013359
9.43,-0.011099
9.435,-0.0096325
9.44,-0.0085205
9.445,-0.0071968
9.45,-0.0061517
9.455,-0.0055002
9.46,-0.005046
9.465,-0.0049332
9.47,-0.004829
9.475,-0.0064105
9.48,-0.0071485
9.485,-0.006564
9.49,-0.005801
9.495,-0.0062679
9.5,-0.0080072
9.505,-0.0096711
9.51,-0.010339
9.515,-0.01013
9.52,-0.0096958
9.525,-0.010215
9.53,-0.011994
9.535,-0.013775
9.54,-0.015898
9.545,-0.018724
9.55,-0.022335
9.555,-0.02568
9.56,-0.027459
9.565,-0.028324
9.57,-0.02975
9.575,-0.030119
9.58,-0.029155
9.585,-0.027522
9.59,-0.025802
9.595,-0.023864
9.6,-0.021425
9.605,-0.019185
9.61,-0.019329
9.615,-0.020385
9.62,-0.020528
9.625,-0.02015
9.63,-0.019493
9.635,-0.018933
9.64,-0.019009
9.645,-0.019543
9.65,-0.019821
9.655,-0.019421
9.66,-0.018389
9.665,-0.015707
9.67,-0.01301
9.675,-0.010179
9.68,-0.0057558
9.685,-0.00076886
9.69,0.0039565
9.695,0.0082559
9.7,0.01282
9.705,0.016487
9.71,0.018985
9.715,0.020888
9.72,0.023204
9.725,0.024518
9.73,0.024947
9.735,0.0253
9.74,0.026457
9.745,0.025857
9.75,0.02313
9.755,0.020793
9.76,0.019452
9.765,0.018463
9.77,0.017167
9.775,0.015694
9.78,0.014606
9.785,0.014178
9.79,0.013917
9.795,0.013603
9.8,0.013664
9.805,0.014493
9.81,0.013799
9.815,0.013167
9.82,0.013233
9.825,0.013706
9.83,0.014515
9.835,0.015337
9.84,0.016594
9.845,0.018982
9.85,0.021671
9.855,0.023063
9.86,0.023487
9.865,0.023965
9.87,0.025151
9.875,0.02688
9.88,0.027814
9.885,0.028494
9.89,0.028788
9.895,0.029867
9.9,0.029442
9.905,0.026273
9.91,0.023552
9.915,0.021206
9.92,0.018678
9.925,0.014789
9.93,0.010042
9.935,0.005737
9.94,0.0020234
9.945,-0.00064793
9.95,-0.0023514
9.955,-0.0040719
9.96,-0.005431
9.965,-0.007038
9.97,-0.0081096
9.975,-0.008278
9.98,-0.0071054
9.985,-0.0067498
9.99,-0.0060732
9.995,-0.0059783
10,-0.00601
10.005,-0.0042374
10.01,-0.0021196
10.015,0.00015678
10.02,0.0025586
10.025,0.005091
10.03,0.0082849
10.035,0.012501
10.04,0.015891
10.045,0.019175
10.05,0.02182
10.055,0.023085
10.06,0.025488
10.065,0.029421
10.07,0.03212
10.075,0.03184
10.08,0.031691
10.085,0.033552
10.09,0.033873
10.095,0.030299
10.1,0.02517
10.105,0.020038
10.11,0.015286
10.115,0.0080623
10.12,0.00068662
10.125,-0.0036381
10.13,-0.0052261
10.135,-0.0059196
10.14,-0.0083522
10.145,-0.011376
10.15,-0.012762
10.155,-0.011383
10.16,-0.009338
10.165,-0.008055
10.17,-0.0077206
10.175,-0.0077118
10.18,-0.006465
10.185,-0.0053932
10.19,-0.0054579
10.195,-0.0058618
10.2,-0.0045204
10.205,-0.003093
10.21,-0.0027396
10.215,-0.0026411
10.22,-0.0024602
10.225,-0.0021038
10.23,-0.002259
10.235,-0.002455
10.24,-0.0019276
10.245,-0.0013766
10.25,-0.0014754
10.255,-0.0019911
10.26,-0.0026948
10.265,-0.0031606
10.27,-0.0036314
10.275,-0.0049172
10.28,-0.0071711
10.285,-0.010021
10.29,-0.013464
10.295,-0.016622
10.3,-0.019404
10.305,-0.023003
10.31,-0.02671
10.315,-0.028352
10.32,-0.028061
10.325,-0.027882
10.33,-0.027829
10.335,-0.026159
10.34,-0.021997
10.345,-0.017453
10.35,-0.012296
10.355,-0.0074359
10.36,-0.0029976
10.365,0.00082705
10.37,0.0046013
10.375,0.0080332
10.38,0.0098433
10.385,0.011509
10.39,0.013265
10.395,0.012752
10.4,0.010566
10.405,0.0090554
10.41,0.0074617
10.415,0.0042884
10.42,0.00017438
10.425,-0.0033963
10.43,-0.0068768
10.435,-0.0098673
10.44,-0.012528
10.445,-0.015121
10.45,-0.018451
10.455,-0.021446
10.46,-0.024387
10.465,-0.027559
10.47,-0.029463
10.475,-0.030379
10.48,-0.031595
10.485,-0.03441
10.49,-0.037261
10.495,-0.039457
10.5,-0.040904
10.505,-0.040453
10.51,-0.039418
10.515,-0.039367
10.52,-0.039507
10.525,-0.038142
10.53,-0.035393
10.535,-0.031632
10.54,-0.027395
10.545,-0.023229
10.55,-0.02014
10.555,-0.018472
10.56,-0.015743
10.565,-0.013689
10.57,-0.013375
10.575,-0.015374
10.58,-0.017794
10.585,-0.018323
10.59,-0.019343
10.595,-0.021968
10.6,-0.025257
10.605,-0.027207
10.61,-0.027587
10.615,-0.026915
10.62,-0.027345
10.625,-0.028544
10.63,-0.028096
10.635,-0.026379
10.64,-0.025379
10.645,-0.02425
10.65,-0.023196
10.655,-0.022354
10.66,-0.022253
10.665,-0.022606
10.67,-0.022247
10.675,-0.022015
10.68,-0.022865
10.685,-0.023894
10.69,-0.023478
10.695,-0.021637
10.7,-0.020347
10.705,-0.019658
10.71,-0.018803
10.715,-0.01776
10.72,-0.016259
10.725,-0.015256
10.73,-0.014382
10.735,-0.013228
10.74,-0.012276
10.745,-0.012179
10.75,-0.012875
10.755,-0.014597
10.76,-0.016622
10.765,-0.018926
10.77,-0.021629
10.775,-0.024389
10.78,-0.026778
10.785,-0.02901
10.79,-0.030891
10.795,-0.032042
10.8,-0.032823
10.805,-0.033346
10.81,-0.032542
10.815,-0.032164
10.82,-0.031074
10.825,-0.028048
10.83,-0.025113
10.835,-0.021845
10.84,-0.017004
10.845,-0.011565
10.85,-0.0075423
10.855,-0.0037549
10.86,-0.00048326
10.865,0.001597
10.87,0.0037171
10.875,0.005445
10.88,0.0061896
10.885,0.0062554
10.89,0.0062602
10.895,0.0049227
10.9,0.0028202
10.905,0.001422
10.91,0.0011248
10.915,0.00059394
10.92,-1.3211e-05
10.925,0.00050105
10.93,0.0014477
10.935,0.002865
10.94,0.0046142
10.945,0.0071449
10.95,0.010661
10.955,0.01501
10.96,0.017804
10.965,0.019343
10.97,0.021256
10.975,0.022329
10.98,0.022872
10.985,0.023797
10.99,0.024426
10.995,0.024237
11,0.024469
11.005,0.025278
11.01,0.025631
11.015,0.025202
11.02,0.025335
11.025,0.026516
11.03,0.027602
11.035,0.028351
11.04,0.029186
11.045,0.029955
11.05,0.02931
11.055,0.02724
11.06,0.024752
11.065,0.023139
11.07,0.021541
11.075,0.019793
11.08,0.017488
11.085,0.016058
11.09,0.015392
11.095,0.015232
11.1,0.015159
11.105,0.01582
11.11,0.017001
11.115,0.018086
11.12,0.019123
11.125,0.02012
11.13,0.020706
11.135,0.021284
11.14,0.02221
11.145,0.023678
11.15,0.024689
11.155,0.023676
11.16,0.022934
11.165,0.023812
11.17,0.024418
11.175,0.0249
11.18,0.025652
11.185,0.026557
11.19,0.027872
11.195,0.028872
11.2,0.030274
11.205,0.031409
11.21,0.032475
11.215,0.033655
11.22,0.033594
11.225,0.032577
11.23,0.030854
11.235,0.029371
11.24,0.028955
11.245,0.028275
11.25,0.026061
11.255,0.023254
11.26,0.021068
11.265,0.01866
11.27,0.015838
11.275,0.013387
11.28,0.011546
11.285,0.010604
11.29,0.0094962
11.295,0.0079278
11.3,0.0068142
11.305,0.00541
11.31,0.0037508
11.315,0.0020586
11.32,0.00029114
11.325,-0.0021932
11.33,-0.0054267
11.335,-0.0075619
11.34,-0.0081123
11.345,-0.0084564
11.35,-0.010016
11.355,-0.010988
11.36,-0.010327
11.365,-0.0096513
11.37,-0.0093874
11.375,-0.0089629
11.38,-0.0070482
11.385,-0.0043128
11.39,-0.0026384
11.395,-0.0014686
11.4,0.00034508
11.405,0.0027654
11.41,0.0058444
11.415,0.007579
11.42,0.0092975
11.425,0.010765
11.43,0.01165
11.435,0.012789
11.44,0.014428
11.445,0.015701
11.45,0.016661
11.455,0.017343
11.46,0.017765
11.465,0.018079
11.47,0.01842
11.475,0.019692
11.48,0.020671
11.485,0.021447
11.49,0.022103
11.495,0.02264
11.5,0.023903
11.505,0.025554
11.51,0.026694
11.515,0.027005
11.52,0.027262
11.525,0.027526
11.53,0.027619
11.535,0.026988
11.54,0.024736
11.545,0.021741
11.55,0.018719
11.555,0.015725
11.56,0.011172
11.565,0.0075968
11.57,0.0045015
11.575,0.00064997
11.58,-0.0024336
11.585,-0.0053982
11.59,-0.0081597
11.595,-0.010452
11.6,-0.012053
11.605,-0.013816
11.61,-0.015789
11.615,-0.01796
11.62,-0.019652
11.625,-0.021135
11.63,-0.022471
11.635,-0.023168
11.64,-0.023706
11.645,-0.024903
11.65,-0.02592
11.655,-0.026503
11.66,-0.027187
11.665,-0.029778
11.67,-0.032731
11.675,-0.034192
11.68,-0.034533
11.685,-0.035261
11.69,-0.034581
11.695,-0.035151
11.7,-0.036846
11.705,-0.037025
11.71,-0.036389
11.715,-0.035793
11.72,-0.035141
11.725,-0.034727
11.73,-0.033992
11.735,-0.032829
11.74,-0.031116
11.745,-0.028067
11.75,-0.023864
11.755,-0.021818
11.76,-0.021016
11.765,-0.018566
11.77,-0.013794
11.775,-0.0084718
11.78,-0.0046276
11.785,-0.00062849
11.79,0.0039042
11.795,0.0081411
11.8,0.011178
11.805,0.013999
11.81,0.017463
11.815,0.020101
11.82,0.021008
11.825,0.022672
11.83,0.024119
11.835,0.024925
11.84,0.02636
11.845,0.027926
11.85,0.028639
11.855,0.028763
11.86,0.028389
11.865,0.027941
11.87,0.027437
11.875,0.026319
11.88,0.025308
11.885,0.023444
11.89,0.022229
11.895,0.021945
11.9,0.021863
11.905,0.021765
11.91,0.021243
11.915,0.020563
11.92,0.019274
11.925,0.018399
11.93,0.017819
11.935,0.016844
11.94,0.016612
11.945,0.016481
11.95,0.016746
11.955,0.016956
11.96,0.016649
11.965,0.016383
11.97,0.015924
11.975,0.015312
11.98,0.014548
11.985,0.013682
11.99,0.012552
11.995,0.011259
12,0.0095621
12.005,0.0077877
12.01,0.0052592
12.015,0.0017603
12.02,-0.0013114
12.025,-0.0037981
12.03,-0.0062159
12.035,-0.0098783
12.04,-0.012967
12.045,-0.015334
12.05,-0.018112
12.055,-0.019975
12.06,-0.021284
12.065,-0.023346
12.07,-0.026128
12.075,-0.028367
12.08,-0.029487
12.085,-0.030189
12.09,-0.031436
12.095,-0.033208
12.1,-0.034411
12.105,-0.034766
12.11,-0.034384
12.115,-0.034549
12.12,-0.035031
12.125,-0.03508
12.13,-0.034625
12.135,-0.035097
12.14,-0.035159
12.145,-0.034085
12.15,-0.033125
12.155,-0.031735
12.16,-0.030425
12.165,-0.029968
12.17,-0.028725
12.175,-0.027152
12.18,-0.025853
12.185,-0.024088
12.19,-0.022725
12.195,-0.021169
12.2,-0.018472
12.205,-0.015064
12.21,-0.013316
12.215,-0.011784
12.22,-0.0098103
12.225,-0.0074504
12.23,-0.0050881
12.235,-0.0027931
12.24,-0.0013815
12.245,-0.00094654
12.25,0.00013559
12.255,0.0011185
12.26,0.0010612
12.265,0.0011395
12.27,0.00075005
12.275,0.00068322
12.28,0.0013265
12.285,0.0015246
12.29,0.0003379
12.295,-0.0010206
12.3,-0.0015144
12.305,-0.0027809
12.31,-0.0052274
12.315,-0.0077051
12.32,-0.0090866
12.325,-0.010294
12.33,-0.013109
12.335,-0.0158
12.34,-0.017093
12.345,-0.018278
12.35,-0.019528
12.355,-0.021078
12.36,-0.022901
12.365,-0.023976
12.37,-0.025064
12.375,-0.024959
12.38,-0.025632
12.385,-0.027299
12.39,-0.028074
12.395,-0.028233
12.4,-0.027834
12.405,-0.026586
12.41,-0.025707
12.415,-0.024602
12.42,-0.023445
12.425,-0.021622
12.43,-0.018518
12.435,-0.015281
12.44,-0.011985
12.445,-0.0083798
12.45,-0.0041096
12.455,-0.0011038
12.46,0.00093133
12.465,0.0036172
12.47,0.0075501
12.475,0.010923
12.48,0.012877
12.485,0.014233
12.49,0.015171
12.495,0.016061
12.5,0.016975
12.505,0.017585
12.51,0.017366
12.515,0.01639
12.52,0.016113
12.525,0.015926
12.53,0.01574
12.535,0.015349
12.54,0.01452
12.545,0.014076
12.55,0.013487
12.555,0.012993
12.56,0.01257
12.565,0.011759
12.57,0.011538
12.575,0.011818
12.58,0.012257
12.585,0.012063
12.59,0.012307
12.595,0.013225
12.6,0.013848
12.605,0.014029
12.61,0.014259
12.615,0.014428
12.62,0.014886
12.625,0.015674
12.63,0.016
12.635,0.016009
12.64,0.016463
12.645,0.016635
12.65,0.01696
12.655,0.01768
12.66,0.017506
12.665,0.017177
12.67,0.016728
12.675,0.016387
12.68,0.017013
12.685,0.018225
12.69,0.018039
12.695,0.017551
12.7,0.018009
12.705,0.019027
12.71,0.019711
12.715,0.018884
12.72,0.017487
12.725,0.016541
12.73,0.01625
12.735,0.016134
12.74,0.015398
12.745,0.014376
12.75,0.013506
12.755,0.01211
12.76,0.010461
12.765,0.0093055
12.77,0.007974
12.775,0.006881
12.78,0.005916
12.785,0.0043281
12.79,0.0028196
12.795,0.0023665
12.8,0.0018127
12.805,0.00040634
12.81,-0.00014451
12.815,-0.00023955
12.82,-0.00098563
12.825,-0.0020772
12.83,-0.0038771
12.835,-0.0047649
12.84,-0.0044099
12.845,-0.0041569
12.85,-0.0045223
12.855,-0.0060922
12.86,-0.0069172
12.865,-0.0070668
12.87,-0.0069138
12.875,-0.0067247
12.88,-0.0067774
12.885,-0.0064419
12.89,-0.0060717
12.895,-0.006856
12.9,-0.0080794
12.905,-0.008912
12.91,-0.0089417
12.915,-0.0092149
12.92,-0.0096093
12.925,-0.0098898
12.93,-0.010423
12.935,-0.011301
12.94,-0.011221
12.945,-0.010795
12.95,-0.01097
12.955,-0.010643
12.96,-0.010129
12.965,-0.010429
12.97,-0.010524
12.975,-0.010404
12.98,-0.010884
12.985,-0.010837
12.99,-0.010038
12.995,-0.0093504
13,-0.0087395
13.005,-0.0078993
13.01,-0.0063431
13.015,-0.0048604
13.02,-0.0040031
13.025,-0.003205
13.03,-0.0022618
13.035,-0.0013108
13.04,-4.1048e-05
13.045,0.00070501
13.05,0.0016459
13.055,0.0025973
13.06,0.0034698
13.065,0.0051643
13.07,0.0063839
13.075,0.0067531
13.08,0.0068727
13.085,0.0066125
13.09,0.0063236
13.095,0.0058663
13.1,0.0050468
13.105,0.0045999
13.11,0.0047148
13.115,0.0049559
13.12,0.0054687
13.125,0.0050668
13.13,0.0038919
13.135,0.003343
13.14,0.0031536
13.145,0.0030827
13.15,0.0026367
13.155,0.0023372
13.16,0.002589
13.165,0.0030697
13.17,0.0047865
13.175,0.0052478
13.18,0.004829
13.185,0.004893
13.19,0.0054382
13.195,0.0062535
13.2,0.0069755
13.205,0.0079967
13.21,0.0089124
13.215,0.0087392
13.22,0.0084885
13.225,0.0097004
13.23,0.011075
13.235,0.01216
13.24,0.013089
13.245,0.013545
13.25,0.013574
13.255,0.013967
13.26,0.013914
13.265,0.013975
13.27,0.014314
13.275,0.014467
13.28,0.014494
13.285,0.014445
13.29,0.014323
13.295,0.013723
13.3,0.013258
13.305,0.012878
13.31,0.013043
13.315,0.012722
13.32,0.012133
13.325,0.011335
13.33,0.0094943
13.335,0.008222
13.34,0.007972
13.345,0.0082242
13.35,0.008295
13.355,0.0071713
13.36,0.0058416
13.365,0.0049701
13.37,0.0042987
13.375,0.0039018
13.38,0.0031161
13.385,0.0018579
13.39,0.0017715
13.395,0.0022186
13.4,0.0019242
13.405,0.0020437
13.41,0.0016898
13.415,0.0017347
13.42,0.002
13.425,0.0020841
13.43,0.0016158
13.435,0.0010829
13.44,0.0011681
13.445,0.0011311
13.45,0.00038778
13.455,-0.00072262
13.46,-0.0016737
13.465,-0.002316
13.47,-0.0031249
13.475,-0.0053634
13.48,-0.0075352
13.485,-0.0089374
13.49,-0.010318
13.495,-0.012218
13.5,-0.013722
13.505,-0.015473
13.51,-0.017446
13.515,-0.01825
13.52,-0.018674
13.525,-0.019288
13.53,-0.020584
13.535,-0.022328
13.54,-0.024029
13.545,-0.025062
13.55,-0.025674
13.555,-0.02643
13.56,-0.0276
13.565,-0.028776
13.57,-0.029332
13.575,-0.029687
13.58,-0.029331
13.585,-0.029344
13.59,-0.030135
13.595,-0.030064
13.6,-0.028879
13.605,-0.028316
13.61,-0.028111
13.615,-0.026755
13.62,-0.025689
13.625,-0.025054
13.63,-0.023775
13.635,-0.021842
13.64,-0.019773
13.645,-0.018739
13.65,-0.018287
13.655,-0.01769
13.66,-0.016437
13.665,-0.015639
13.67,-0.015186
13.675,-0.014658
13.68,-0.013397
13.685,-0.011857
13.69,-0.010867
13.695,-0.011029
13.7,-0.009947
13.705,-0.008481
13.71,-0.0072606
13.715,-0.0074248
13.72,-0.0090586
13.725,-0.0099603
13.73,-0.01016
13.735,-0.010842
13.74,-0.011468
13.745,-0.011939
13.75,-0.011089
13.755,-0.010248
13.76,-0.011063
13.765,-0.011746
13.77,-0.011609
13.775,-0.01131
13.78,-0.010442
13.785,-0.0098788
13.79,-0.0095569
13.795,-0.0088377
13.8,-0.0075077
13.805,-0.0052515
13.81,-0.0034771
13.815,-0.0022621
13.82,-0.00097028
13.825,0.00057599
13.83,0.0019941
13.835,0.0036734
13.84,0.0056612
13.845,0.0069802
13.85,0.0078146
13.855,0.0086111
13.86,0.0094459
13.865,0.010504
13.87,0.011172
13.875,0.011143
13.88,0.011262
13.885,0.011715
13.89,0.012628
13.895,0.013015
13.9,0.01311
13.905,0.013019
13.91,0.013371
13.915,0.0154
13.92,0.01688
13.925,0.017076
13.93,0.017572
13.935,0.018357
13.94,0.019348
13.945,0.020228
13.95,0.021239
13.955,0.022082
13.96,0.023437
13.965,0.024564
13.97,0.025034
13.975,0.024699
13.98,0.023447
13.985,0.022462
13.99,0.021802
13.995,0.021587
14,0.021694
14.005,0.021546
14.01,0.020868
14.015,0.019886
14.02,0.018638
14.025,0.017921
14.03,0.017108
14.035,0.015638
14.04,0.014259
14.045,0.013065
14.05,0.012763
14.055,0.012055
14.06,0.010407
14.065,0.0092697
14.07,0.0080987
14.075,0.0077256
14.08,0.0080669
14.085,0.0077948
14.09,0.0072316
14.095,0.0062105
14.1,0.0055559
14.105,0.0047208
14.11,0.0049131
14.115,0.0058182
14.12,0.0064243
14.125,0.0059994
14.13,0.0053429
14.135,0.0052991
14.14,0.0059774
14.145,0.0067657
14.15,0.0067688
14.155,0.0061132
14.16,0.0059124
14.165,0.0054414
14.17,0.0042982
14.175,0.0027702
14.18,0.0010577
14.185,-0.00043516
14.19,-0.0017841
14.195,-0.003404
14.2,-0.0052532
14.205,-0.0063204
14.21,-0.00677
14.215,-0.0081766
14.22,-0.010067
14.225,-0.011987
14.23,-0.014343
14.235,-0.015207
14.24,-0.014671
14.245,-0.014822
14.25,-0.014891
14.255,-0.015534
14.26,-0.016147
14.265,-0.015009
14.27,-0.014614
14.275,-0.015207
14.28,-0.015664
14.285,-0.014854
14.29,-0.013214
14.295,-0.012406
14.3,-0.01264
14.305,-0.012348
14.31,-0.011312
14.315,-0.01001
14.32,-0.0094459
14.325,-0.0090864
14.33,-0.0087895
14.335,-0.0090529
14.34,-0.0089582
14.345,-0.0085036
14.35,-0.0080695
14.355,-0.0079347
14.36,-0.0077702
14.365,-0.0074408
14.37,-0.006297
14.375,-0.0052525
14.38,-0.0051832
14.385,-0.0050241
14.39,-0.0044419
14.395,-0.0035604
14.4,-0.0026208
14.405,-0.00074815
14.41,0.0012272
14.415,0.0024783
14.42,0.0031034
14.425,0.0038722
14.43,0.0046061
14.435,0.0059914
14.44,0.0070919
14.445,0.0083218
14.45,0.0093761
14.455,0.0099257
14.46,0.0093558
14.465,0.0091954
14.47,0.009809
14.475,0.010107
14.48,0.011159
14.485,0.011837
14.49,0.012333
14.495,0.012698
14.5,0.01304
14.505,0.013908
14.51,0.014744
14.515,0.015935
14.52,0.016637
14.525,0.016254
14.53,0.015485
14.535,0.015139
14.54,0.015265
14.545,0.015115
14.55,0.014992
14.555,0.014325
14.56,0.013406
14.565,0.012478
14.57,0.011504
14.575,0.010908
14.58,0.010618
14.585,0.0097432
14.59,0.0083619
14.595,0.0074925
14.6,0.0072873
14.605,0.0073288
14.61,0.0078968
14.615,0.007813
14.62,0.0068597
14.625,0.0067488
14.63,0.0072265
14.635,0.008613
14.64,0.0092905
14.645,0.0095785
14.65,0.010585
14.655,0.011552
14.66,0.012291
14.665,0.012994
14.67,0.01403
14.675,0.014429
14.68,0.014712
14.685,0.015172
14.69,0.015032
14.695,0.01469
14.7,0.014861
14.705,0.015106
14.71,0.014813
14.715,0.013802
14.72,0.011707
14.725,0.0090789
14.73,0.0077689
14.735,0.0071298
14.74,0.0058845
14.745,0.0043711
14.75,0.0024262
14.755,0.0012338
14.76,0.00050828
14.765,-0.0008327
14.77,-0.0019673
14.775,-0.0028973
14.78,-0.0032878
14.785,-0.0034097
14.79,-0.0043013
14.795,-0.0057733
14.8,-0.006137
14.805,-0.0059675
14.81,-0.0063254
14.815,-0.0066533
14.82,-0.0064073
14.825,-0.0068184
14.83,-0.0078209
14.835,-0.0079427
14.84,-0.0076247
14.845,-0.0074651
14.85,-0.0076424
14.855,-0.0083608
14.86,-0.008987
14.865,-0.0090476
14.87,-0.0087681
14.875,-0.0081909
14.88,-0.0081516
14.885,-0.0085989
14.89,-0.0089708
14.895,-0.0089275
14.9,-0.0094657
14.905,-0.010128
14.91,-0.011193
14.915,-0.012064
14.92,-0.011542
14.925,-0.011197
14.93,-0.011492
14.935,-0.01165
14.94,-0.011432
14.945,-0.011275
14.95,-0.010994
14.955,-0.010599
14.96,-0.010304
14.965,-0.010216
14.97,-0.010252
14.975,-0.010228
14.98,-0.010342
14.985,-0.010731
14.99,-0.010503
14.995,-0.0093909
15,-0.0085184
15.005,-0.0079338
15.01,-0.0074547
15.015,-0.0066592
15.02,-0.0056368
15.025,-0.0057145
15.03,-0.0054853
15.035,-0.0053283
15.04,-0.0048223
15.045,-0.0044655
15.05,-0.0045117
15.055,-0.0037165
15.06,-0.0038561
15.065,-0.0041309
15.07,-0.0040395
15.075,-0.004868
15.08,-0.0057745
15.085,-0.00616
15.09,-0.0061168
15.095,-0.0068972
15.1,-0.0079625
15.105,-0.0082202
15.11,-0.0088838
15.115,-0.010264
15.12,-0.011695
15.125,-0.012877
15.13,-0.01402
15.135,-0.014547
15.14,-0.01481
15.145,-0.015529
15.15,-0.016919
15.155,-0.018059
15.16,-0.018299
15.165,-0.018634
15.17,-0.019512
15.175,-0.021342
15.18,-0.022948
15.185,-0.024205
15.19,-0.024531
15.195,-0.024478
15.2,-0.024826
15.205,-0.02525
15.21,-0.026238
15.215,-0.0266
15.22,-0.027004
15.225,-0.027665
15.23,-0.027936
15.235,-0.027817
15.24,-0.026881
15.245,-0.025609
15.25,-0.025055
15.255,-0.024515
15.26,-0.023392
15.265,-0.022349
15.27,-0.021047
15.275,-0.019213
15.28,-0.018223
15.285,-0.017739
15.29,-0.016972
15.295,-0.015338
15.3,-0.012806
15.305,-0.011663
15.31,-0.011061
15.315,-0.010285
15.32,-0.0096798
15.325,-0.0097483
15.33,-0.00957
15.335,-0.009049
15.34,-0.0077938
15.345,-0.0060447
15.35,-0.0042838
15.355,-0.002794
15.36,-0.001524
15.365,0.00027377
15.37,0.0025599
15.375,0.0043336
15.38,0.0054203
15.385,0.0064606
15.39,0.0075615
15.395,0.0088497
15.4,0.010207
15.405,0.011502
15.41,0.013067
15.415,0.014706
15.42,0.016205
15.425,0.018464
15.43,0.020196
15.435,0.021179
15.44,0.022652
15.445,0.024015
15.45,0.024946
15.455,0.026392
15.46,0.027138
15.465,0.027776
15.47,0.028574
15.475,0.029176
15.48,0.029202
15.485,0.029077
15.49,0.029188
15.495,0.029425
15.5,0.029374
15.505,0.029731
15.51,0.030339
15.515,0.029976
15.52,0.028978
15.525,0.028555
15.53,0.027552
15.535,0.026949
15.54,0.026731
15.545,0.02593
15.55,0.02505
15.555,0.024463
15.56,0.023992
15.565,0.023412
15.57,0.022494
15.575,0.02178
15.58,0.021545
15.585,0.021171
15.59,0.020782
15.595,0.020472
15.6,0.020219
15.605,0.019942
15.61,0.019374
15.615,0.0193
15.62,0.019196
15.625,0.018603
15.63,0.01859
15.635,0.018586
15.64,0.017673
15.645,0.016424
15.65,0.015567
15.655,0.014635
15.66,0.013697
15.665,0.012458
15.67,0.010949
15.675,0.0096605
15.68,0.0077593
15.685,0.0060739
15.69,0.0055786
15.695,0.0052743
15.7,0.004042
15.705,0.0031394
15.71,0.0025272
15.715,0.00077683
15.72,-0.0021672
15.725,-0.0045363
15.73,-0.005036
15.735,-0.0054516
15.74,-0.0066878
15.745,-0.0081863
15.75,-0.0091895
15.755,-0.010179
15.76,-0.010856
15.765,-0.011604
15.77,-0.012304
15.775,-0.012527
15.78,-0.01235
15.785,-0.012195
15.79,-0.011762
15.795,-0.011078
15.8,-0.011021
15.805,-0.011001
15.81,-0.010323
15.815,-0.0094917
15.82,-0.0086845
15.825,-0.0083842
15.83,-0.0083303
15.835,-0.0079727
15.84,-0.0067391
15.845,-0.0057813
15.85,-0.0051144
15.855,-0.0041504
15.86,-0.0034353
15.865,-0.0028522
15.87,-0.0024237
15.875,-0.0017531
15.88,-0.00086572
15.885,-0.00022757
15.89,0.0002816
15.895,0.00089582
15.9,0.001154
15.905,0.0020194
15.91,0.0029114
15.915,0.0033337
15.92,0.0036417
15.925,0.0034365
15.93,0.0035369
15.935,0.0040697
15.94,0.0046376
15.945,0.0045047
15.95,0.0036166
15.955,0.003356
15.96,0.0037947
15.965,0.0043322
15.97,0.0036724
15.975,0.0027587
15.98,0.0023718
15.985,0.0019517
15.99,0.0016114
15.995,0.0012672
16,-2.3794e-06
16.005,-0.00149
16.01,-0.0018758
16.015,-0.0016027
16.02,-0.0010753
16.025,-0.0023732
16.03,-0.005213
16.035,-0.0069015
16.04,-0.0076477
16.045,-0.0078979
16.05,-0.007971
16.055,-0.0091013
16.06,-0.010525
16.065,-0.010733
16.07,-0.010601
16.075,-0.011546
16.08,-0.013222
16.085,-0.013871
16.09,-0.01283
16.095,-0.012275
16.1,-0.013357
16.105,-0.014903
16.11,-0.015771
16.115,-0.015675
16.12,-0.016234
16.125,-0.016526
16.13,-0.015957
16.135,-0.015656
16.14,-0.015307
16.145,-0.015047
16.15,-0.015312
16.155,-0.015416
16.16,-0.014213
16.165,-0.013101
16.17,-0.013243
16.175,-0.012837
16.18,-0.011539
16.185,-0.01013
16.19,-0.0091149
16.195,-0.0083987
16.2,-0.0074323
16.205,-0.0062457
16.21,-0.005015
16.215,-0.0040906
16.22,-0.0036293
16.225,-0.0032188
16.23,-0.0024984
16.235,-0.00096503
16.24,0.00074689
16.245,0.0030589
16.25,0.0039812
16.255,0.0047445
16.26,0.0067993
16.265,0.010423
16.27,0.012319
16.275,0.012649
16.28,0.013913
16.285,0.015634
16.29,0.018028
16.295,0.019862
16.3,0.021203
16.305,0.021801
16.31,0.021895
16.315,0.022614
16.32,0.023648
16.325,0.022379
16.33,0.020159
16.335,0.018915
16.34,0.017969
16.345,0.018076
16.35,0.016819
16.355,0.014307
16.36,0.01216
16.365,0.0099728
16.37,0.0074578
16.375,0.0055161
16.38,0.0042489
16.385,0.0028837
16.39,0.001227
16.395,-0.00063159
16.4,-0.0022358
16.405,-0.0035252
16.41,-0.0048399
16.415,-0.0061573
16.42,-0.0070157
16.425,-0.0070904
16.43,-0.0075892
16.435,-0.0086855
16.44,-0.009405
16.445,-0.0098494
16.45,-0.010004
16.455,-0.010357
16.46,-0.011246
16.465,-0.011552
16.47,-0.011534
16.475,-0.011529
16.48,-0.011204
16.485,-0.011489
16.49,-0.011614
16.495,-0.011524
16.5,-0.011166
16.505,-0.011003
16.51,-0.011978
16.515,-0.012393
16.52,-0.011774
16.525,-0.011483
16.53,-0.011537
16.535,-0.011781
16.54,-0.011854
16.545,-0.011423
16.55,-0.01081
16.555,-0.010409
16.56,-0.010489
16.565,-0.010256
16.57,-0.009093
16.575,-0.0080443
16.58,-0.0066929
16.585,-0.0053973
16.59,-0.0042508
16.595,-0.0028464
16.6,-0.00065587
16.605,0.0009107
16.61,0.0029708
16.615,0.0056535
16.62,0.0075164
16.625,0.0093177
16.63,0.011145
16.635,0.013337
16.64,0.015979
16.645,0.017781
16.65,0.019061
16.655,0.020166
16.66,0.021605
16.665,0.022332
16.67,0.02268
16.675,0.023352
16.68,0.024347
16.685,0.02503
16.69,0.024536
16.695,0.022141
16.7,0.020209
16.705,0.020227
16.71,0.020787
16.715,0.021113
16.72,0.019966
16.725,0.018315
16.73,0.017246
16.735,0.016815
16.74,0.015692
16.745,0.014937
16.75,0.014217
16.755,0.013449
16.76,0.012838
16.765,0.012586
16.77,0.012731
16.775,0.012221
16.78,0.011053
16.785,0.010459
16.79,0.010524
16.795,0.0097144
16.8,0.0083325
16.805,0.0077225
16.81,0.0082787
16.815,0.0089426
16.82,0.0088081
16.825,0.0081604
16.83,0.0071861
16.835,0.0073511
16.84,0.0077615
16.845,0.0084075
16.85,0.0089519
16.855,0.0082258
16.86,0.0069447
16.865,0.0055666
16.87,0.0047008
16.875,0.0042633
16.88,0.0035475
16.885,0.0016343
16.89,9.7548e-05
16.895,-0.00019199
16.9,-0.00075498
16.905,-0.0024149
16.91,-0.0038431
16.915,-0.0049093
16.92,-0.0050487
16.925,-0.004648
16.93,-0.0045007
16.935,-0.0051015
16.94,-0.0062944
16.945,-0.0068149
16.95,-0.005915
16.955,-0.0048546
16.96,-0.0044327
16.965,-0.0045591
16.97,-0.0046379
16.975,-0.0042721
16.98,-0.0035289
16.985,-0.0028088
16.99,-0.0022077
16.995,-0.0019385
17,-0.0016714
17.005,-0.0014385
17.01,-0.00087876
17.015,-0.00031604
17.02,-0.00052698
17.025,-0.001232
17.03,-0.0013306
17.035,-0.0012538
17.04,-0.0016701
17.045,-0.0027437
17.05,-0.003222
17.055,-0.0030108
17.06,-0.0030235
17.065,-0.0032357
17.07,-0.0031525
17.075,-0.0031949
17.08,-0.00313
17.085,-0.0020104
17.09,-0.00079182
17.095,-0.00077649
17.1,-0.0017638
17.105,-0.0024284
17.11,-0.0029812
17.115,-0.0034633
17.12,-0.0041742
17.125,-0.0056679
17.13,-0.0072119
17.135,-0.0089068
17.14,-0.01105
17.145,-0.013135
17.15,-0.015029
17.155,-0.01617
17.16,-0.017384
17.165,-0.019445
17.17,-0.02138
17.175,-0.022657
17.18,-0.023534
17.185,-0.023954
17.19,-0.024083
17.195,-0.024138
17.2,-0.023883
17.205,-0.022941
17.21,-0.021772
17.215,-0.021593
17.22,-0.022177
17.225,-0.023117
17.23,-0.023074
17.235,-0.022874
17.24,-0.022043
17.245,-0.021326
17.25,-0.020724
17.255,-0.019977
17.26,-0.019585
17.265,-0.019323
17.27,-0.0181
17.275,-0.016439
17.28,-0.015027
17.285,-0.014237
17.29,-0.014062
17.295,-0.013508
17.3,-0.011664
17.305,-0.0093762
17.31,-0.0091792
17.315,-0.0093344
17.32,-0.0078613
17.325,-0.007045
17.33,-0.0068477
17.335,-0.0060564
17.34,-0.004879
17.345,-0.0037386
17.35,-0.0023837
17.355,-0.00083396
17.36,-0.00017283
17.365,0.00014246
17.37,0.00068342
17.375,0.0016938
17.38,0.0037553
17.385,0.0055611
17.39,0.0060098
17.395,0.0061859
17.4,0.0070629
17.405,0.008295
17.41,0.0096461
17.415,0.010394
17.42,0.010829
17.425,0.012282
17.43,0.013667
17.435,0.013554
17.44,0.013041
17.445,0.012792
17.45,0.01298
17.455,0.013211
17.46,0.013181
17.465,0.01204
17.47,0.01053
17.475,0.010094
17.48,0.0099303
17.485,0.0093596
17.49,0.0088681
17.495,0.0084659
17.5,0.0073477
17.505,0.0062109
17.51,0.0053742
17.515,0.0045241
17.52,0.0037216
17.525,0.0033967
17.53,0.0023028
17.535,0.00014448
17.54,-0.0013833
17.545,-0.00095983
17.55,-0.0010524
17.555,-0.0021053
17.56,-0.0025701
17.565,-0.0027769
17.57,-0.0027453
17.575,-0.0031603
17.58,-0.0030349
17.585,-0.0027134
17.59,-0.0025707
17.595,-0.0023637
17.6,-0.0019841
17.605,-0.0017825
17.61,-0.0023533
17.615,-0.0032172
17.62,-0.0033304
17.625,-0.0029978
17.63,-0.0030274
17.635,-0.0033186
17.64,-0.0039607
17.645,-0.0041254
17.65,-0.0040395
17.655,-0.0039187
17.66,-0.0039832
17.665,-0.0040071
17.67,-0.0031989
17.675,-0.0024326
17.68,-0.0015806
17.685,-0.00038218
17.69,-0.00015693
17.695,8.6868e-05
17.7,0.0010668
17.705,0.001946
17.71,0.0021551
17.715,0.0023377
17.72,0.0028059
17.725,0.0026728
17.73,0.0027097
17.735,0.0036662
17.74,0.0054452
17.745,0.0070794
17.75,0.0074924
17.755,0.0083823
17.76,0.0089039
17.765,0.0090607
17.77,0.0094111
17.775,0.0096369
17.78,0.0098874
17.785,0.0095919
17.79,0.0099567
17.795,0.0098862
17.8,0.0088304
17.805,0.008128
17.81,0.0081258
17.815,0.0077241
17.82,0.0067548
17.825,0.0054926
17.83,0.0039263
17.835,0.0023954
17.84,0.0020781
17.845,0.0019769
17.85,0.0015889
17.855,0.00073142
17.86,-0.00022728
17.865,-0.00065883
17.87,-0.00044115
17.875,4.9296e-05
17.88,-0.0003686
17.885,-0.0016022
17.89,-0.0014927
17.895,-0.0010342
17.9,-0.0005891
17.905,3.8932e-05
17.91,-8.1481e-05
17.915,0.0001612
17.92,0.0012385
17.925,0.0027123
17.93,0.0037736
17.935,0.0040523
17.94,0.0047192
17.945,0.00583
17.95,0.0068119
17.955,0.0076072
17.96,0.0083233
17.965,0.0082217
17.97,0.0074978
17.975,0.0076466
17.98,0.0084926
17.985,0.0088881
17.99,0.0090059
17.995,0.0090034
18,0.0097807
18.005,0.010072
18.01,0.0098289
18.015,0.0098473
18.02,0.0095001
18.025,0.0098268
18.03,0.010783
18.035,0.011265
18.04,0.01158
18.045,0.011745
18.05,0.011947
18.055,0.012026
18.06,0.01159
18.065,0.01184
18.07,0.012013
18.075,0.012058
18.08,0.011753
18.085,0.011477
18.09,0.011783
18.095,0.011789
18.1,0.011143
18.105,0.010559
18.11,0.010509
18.115,0.010256
18.12,0.0099654
18.125,0.0093254
18.13,0.0088119
18.135,0.0082646
18.14,0.0069943
18.145,0.005557
18.15,0.0049703
18.155,0.0047898
18.16,0.0038948
18.165,0.0023896
18.17,0.0012102
18.175,0.00057953
18.18,-0.00054875
18.185,-0.001487
18.19,-0.001858
18.195,-0.0022381
18.2,-0.0025474
18.205,-0.0025617
18.21,-0.0023169
18.215,-0.0029459
18.22,-0.0041751
18.225,-0.0044383
18.23,-0.0040638
18.235,-0.0043321
18.24,-0.0048335
18.245,-0.0051452
18.25,-0.0058948
18.255,-0.0064296
18.26,-0.0067912
18.265,-0.0070382
18.27,-0.0073549
18.275,-0.0077796
18.28,-0.0080177
18.285,-0.0081206
18.29,-0.0079276
18.295,-0.0074127
18.3,-0.0080211
18.305,-0.01006
18.31,-0.011509
18.315,-0.011359
18.32,-0.010611
18.325,-0.011053
18.33,-0.012323
18.335,-0.012582
18.34,-0.012436
18.345,-0.012721
18.35,-0.01278
18.355,-0.012675
18.36,-0.012482
18.365,-0.011735
18.37,-0.011083
18.375,-0.010878
18.38,-0.011412
18.385,-0.011438
18.39,-0.010296
18.395,-0.0095028
18.4,-0.0097824
18.405,-0.010269
18.41,-0.0099581
18.415,-0.0099092
18.42,-0.010532
18.425,-0.0099148
18.43,-0.0091781
18.435,-0.0087352
18.44,-0.0086747
18.445,-0.0094517
18.45,-0.0096191
18.455,-0.0094158
18.46,-0.0095392
18.465,-0.0098472
18.47,-0.0098667
18.475,-0.0097078
18.48,-0.0092752
18.485,-0.0091067
18.49,-0.0081754
18.495,-0.006901
18.5,-0.0062374
18.505,-0.0063786
18.51,-0.0070065
18.515,-0.007294
18.52,-0.0063393
18.525,-0.0054122
18.53,-0.0053783
18.535,-0.0054107
18.54,-0.0049221
18.545,-0.0043641
18.55,-0.0040132
18.555,-0.0036766
18.56,-0.0031442
18.565,-0.0025166
18.57,-0.001157
18.575,-0.00040923
18.58,-0.00034502
18.585,-0.00048136
18.59,-0.00015812
18.595,0.00080395
18.6,0.0013897
18.605,0.0019174
18.61,0.0027164
18.615,0.0029383
18.62,0.0029551
18.625,0.0030877
18.63,0.0037349
18.635,0.0045464
18.64,0.0048461
18.645,0.0044812
18.65,0.0040184
18.655,0.0042572
18.66,0.0051943
18.665,0.006296
18.67,0.0069066
18.675,0.007407
18.68,0.0080848
18.685,0.008119
18.69,0.0076987
18.695,0.0069762
18.7,0.0074648
18.705,0.0089629
18.71,0.010068
18.715,0.010386
18.72,0.010254
18.725,0.0098746
18.73,0.010519
18.735,0.011925
18.74,0.013019
18.745,0.013348
18.75,0.013207
18.755,0.013412
18.76,0.013693
18.765,0.013823
18.77,0.013642
18.775,0.013876
18.78,0.013476
18.785,0.012657
18.79,0.012149
18.795,0.012131
18.8,0.011913
18.805,0.011065
18.81,0.009892
18.815,0.008678
18.82,0.0074955
18.825,0.0063805
18.83,0.0048603
18.835,0.0035044
18.84,0.0026869
18.845,0.0020215
18.85,0.0015173
18.855,0.0020783
18.86,0.0024982
18.865,0.0017344
18.87,0.00059258
18.875,-3.3566e-05
18.88,-0.00030063
18.885,-0.00053329
18.89,-0.0010993
18.895,-0.0011458
18.9,-0.0010658
18.905,-0.0010719
18.91,-0.001281
18.915,-0.0012459
18.92,-0.00082474
18.925,-0.0010817
18.93,-0.001545
18.935,-0.0019346
18.94,-0.00167
18.945,-0.001344
18.95,-0.002212
18.955,-0.00318
18.96,-0.0044161
18.965,-0.0051862
18.97,-0.0056001
18.975,-0.0058731
18.98,-0.006161
18.985,-0.0063615
18.99,-0.006085
18.995,-0.0055892
19,-0.006135
19.005,-0.0070233
19.01,-0.007878
19.015,-0.00732
19.02,-0.0066444
19.025,-0.005783
19.03,-0.0049172
19.035,-0.0041995
19.04,-0.0033244
19.045,-0.0031378
19.05,-0.0028982
19.055,-0.0020867
19.06,-0.0012593
19.065,-0.00098204
19.07,-0.00056497
19.075,-0.00027565
19.08,-0.0011932
19.085,-0.0014555
19.09,-0.00099717
19.095,-0.00025423
19.1,-0.0001591
19.105,-0.00087137
19.11,-0.0012439
19.115,-0.0011746
19.12,-0.0014356
19.125,-0.0019747
19.13,-0.0022212
19.135,-0.0015901
19.14,-0.00063652
19.145,-0.00043355
19.15,-0.00043961
19.155,4.7376e-05
19.16,0.00053467
19.165,0.0005386
19.17,0.00075712
19.175,0.00081111
19.18,0.0013431
19.185,0.00082748
19.19,0.00028129
19.195,0.00052695
19.2,0.00094898
19.205,0.0012191
19.21,0.00060534
19.215,-0.00054123
19.22,-0.0017714
19.225,-0.0030739
19.23,-0.0030593
19.235,-0.0020453
19.24,-0.001465
19.245,-0.0016614
19.25,-0.0017699
19.255,-0.0012067
19.26,-0.00073415
19.265,-0.00074929
19.27,-0.00046345
19.275,0.00021414
19.28,0.0006957
19.285,0.0010648
19.29,0.0016992
19.295,0.002446
19.3,0.0022357
19.305,0.0021698
19.31,0.0030198
19.315,0.0035478
19.32,0.003014
19.325,0.0028502
19.33,0.0036011
19.335,0.0037861
19.34,0.0040462
19.345,0.0049938
19.35,0.0056108
19.355,0.0065098
19.36,0.0069243
19.365,0.0075426
19.37,0.0080517
19.375,0.0085556
19.38,0.0086551
19.385,0.008254
19.39,0.007495
19.395,0.0070147
19.4,0.0068203
19.405,0.0063527
19.41,0.0059784
19.415,0.0058184
19.42,0.0051716
19.425,0.0051094
19.43,0.0062148
19.435,0.006438
19.44,0.0056182
19.445,0.0047992
19.45,0.0047492
19.455,0.0048738
19.46,0.0052991
19.465,0.0057455
19.47,0.0067277
19.475,0.0079731
19.48,0.0079901
19.485,0.0078204
19.49,0.0086775
19.495,0.009243
19.5,0.0088897
19.505,0.0088365
19.51,0.0086978
19.515,0.0079827
19.52,0.0072005
19.525,0.0065768
19.53,0.0056922
19.535,0.0040059
19.54,0.0020809
19.545,0.00054514
19.55,-0.00034659
19.555,-0.0016795
19.56,-0.0032198
19.565,-0.0043265
19.57,-0.005566
19.575,-0.006671
19.58,-0.0079968
19.585,-0.0088235
19.59,-0.010617
19.595,-0.01259
19.6,-0.013867
19.605,-0.014515
19.61,-0.014417
19.615,-0.014494
19.62,-0.015242
19.625,-0.016126
19.63,-0.016451
19.635,-0.016242
19.64,-0.015736
19.645,-0.015438
19.65,-0.015217
19.655,-0.015153
19.66,-0.014573
19.665,-0.01425
19.67,-0.014603
19.675,-0.014349
19.68,-0.013874
19.685,-0.013558
19.69,-0.013099
19.695,-0.012427
19.7,-0.011502
19.705,-0.010807
19.71,-0.0094281
19.715,-0.0091141
19.72,-0.0093162
19.725,-0.0089128
19.73,-0.0082114
19.735,-0.0077385
19.74,-0.0074626
19.745,-0.0074824
19.75,-0.007411
19.755,-0.0070301
19.76,-0.0067537
19.765,-0.0070046
19.77,-0.0075158
19.775,-0.0076744
19.78,-0.0071407
19.785,-0.0063327
19.79,-0.0053738
19.795,-0.0044954
19.8,-0.004277
19.805,-0.0044183
19.81,-0.0043282
19.815,-0.0040406
19.82,-0.0035705
19.825,-0.0030296
19.83,-0.00288
19.835,-0.0023618
19.84,-0.0023189
19.845,-0.0027717
19.85,-0.0022092
19.855,-0.0014341
19.86,-0.00096973
19.865,-0.00071958
19.87,-0.00014543
19.875,-0.00039406
19.88,-0.00054359
19.885,-0.00040966
19.89,0.00022389
19.895,0.00095242
19.9,0.0010965
19.905,0.001088
19.91,0.0016372
19.915,0.0020387
19.92,0.0024467
19.925,0.0034758
19.93,0.0037587
19.935,0.0031366
19.94,0.0027062
19.945,0.0021638
19.95,0.0020512
19.955,0.0025931
19.96,0.003083
19.965,0.0024604
19.97,0.0018646
19.975,0.0018837
19.98,0.0020821
19.985,0.0024983
19.99,0.0022668
19.995,0.0014869
20,0.0015707
20.005,0.0022302
20.01,0.0027888
20.015,0.0029261
20.02,0.003158
20.025,0.0040394
20.03,0.0050858
20.035,0.0059146
20.04,0.006944
20.045,0.007667
20.05,0.0078734
20.055,0.0080208
20.06,0.0085112
20.065,0.0094207
20.07,0.01009
20.075,0.010612
20.08,0.010568
20.085,0.010011
20.09,0.010027
20.095,0.010749
20.1,0.010979
20.105,0.011377
20.11,0.011512
20.115,0.011252
20.12,0.011703
20.125,0.012893
20.13,0.013219
20.135,0.012724
20.14,0.012676
20.145,0.012818
20.15,0.013784
20.155,0.014464
20.16,0.014788
20.165,0.015155
20.17,0.015528
20.175,0.015538
20.18,0.015464
20.185,0.01553
20.19,0.015673
20.195,0.01626
20.2,0.017398
20.205,0.018067
20.21,0.018154
20.215,0.017747
20.22,0.017398
20.225,0.017072
20.23,0.016695
20.235,0.016351
20.24,0.016552
20.245,0.016612
20.25,0.015327
20.255,0.013081
20.26,0.011495
20.265,0.010623
20.27,0.0098851
20.275,0.0091003
20.28,0.0075066
20.285,0.0054345
20.29,0.0035546
20.295,0.0019449
20.3,0.00050778
20.305,-0.00071128
20.31,-0.0015941
20.315,-0.0024511
20.32,-0.0034973
20.325,-0.0045839
20.33,-0.0056196
20.335,-0.0063183
20.34,-0.0067748
20.345,-0.0074087
20.35,-0.0077047
20.355,-0.0079408
20.36,-0.0084402
20.365,-0.0083837
20.37,-0.0086679
20.375,-0.0092246
20.38,-0.0097435
20.385,-0.0099685
20.39,-0.0096881
20.395,-0.010147
20.4,-0.010748
20.405,-0.010584
20.41,-0.010263
20.415,-0.010735
20.42,-0.011533
20.425,-0.011865
20.43,-0.011668
20.435,-0.011727
20.44,-0.011828
20.445,-0.01236
20.45,-0.012535
20.455,-0.011857
20.46,-0.011368
20.465,-0.011209
20.47,-0.011779
20.475,-0.011634
20.48,-0.010832
20.485,-0.01005
20.49,-0.0098774
20.495,-0.009695
20.5,-0.0087836
20.505,-0.0081753
20.51,-0.0079468
20.515,-0.0072485
20.52,-0.0065518
20.525,-0.0053447
20.53,-0.0044737
20.535,-0.0040264
20.54,-0.0034191
20.545,-0.0028197
20.55,-0.0019628
20.555,-0.001136
20.56,-0.00054964
20.565,-0.00020414
20.57,1.2956e-05
20.575,5.7234e-05
20.58,6.5495e-05
20.585,0.00038183
20.59,0.00025527
20.595,-0.00037968
20.6,-0.00076772
20.605,-0.0011223
20.61,-0.0019376
20.615,-0.0029057
20.62,-0.0038705
20.625,-0.0049857
20.63,-0.0058572
20.635,-0.0063972
20.64,-0.0066289
20.645,-0.0068791
20.65,-0.0070626
20.655,-0.0071785
20.66,-0.0075958
20.665,-0.0077455
20.67,-0.0077352
20.675,-0.0077241
20.68,-0.0078117
20.685,-0.0076008
20.69,-0.0073731
20.695,-0.0072085
20.7,-0.0072469
20.705,-0.0070114
20.71,-0.0063643
20.715,-0.005942
20.72,-0.0062488
20.725,-0.0070297
20.73,-0.007361
20.735,-0.0072043
20.74,-0.0069448
20.745,-0.0067106
20.75,-0.0062394
20.755,-0.0061803
20.76,-0.00645
20.765,-0.0064258
20.77,-0.0063415
20.775,-0.0058524
20.78,-0.0055496
20.785,-0.0052434
20.79,-0.0048077
20.795,-0.0044857
20.8,-0.0040711
20.805,-0.0036151
20.81,-0.0030551
20.815,-0.0026511
20.82,-0.0020204
20.825,-0.0015521
20.83,-0.0012733
20.835,-0.00097774
20.84,-0.00030997
20.845,0.00034897
20.85,0.0008999
20.855,0.0012469
20.86,0.0014416
20.865,0.0016145
20.87,0.0018011
20.875,0.0018042
20.88,0.001787
20.885,0.0019213
20.89,0.0020169
20.895,0.0024141
20.9,0.0024707
20.905,0.0020732
20.91,0.0018472
20.915,0.0019295
20.92,0.0019553
20.925,0.0018916
20.93,0.0017332
20.935,0.0018616
20.94,0.0019512
20.945,0.0018803
20.95,0.0015646
20.955,0.0017078
20.96,0.0022587
20.965,0.0025871
20.97,0.002742
20.975,0.0028529
20.98,0.0030093
20.985,0.0030118
20.99,0.0029628
20.995,0.0029287
21,0.0030272
21.005,0.0031023
21.01,0.0029574
21.015,0.0026726
21.02,0.002592
21.025,0.0027649
21.03,0.0028152
21.035,0.0026536
21.04,0.0024118
21.045,0.002141
21.05,0.0018986
21.055,0.0017216
21.06,0.0015978
21.065,0.0015064
21.07,0.0014413
21.075,0.0014478
21.08,0.0010777
21.085,0.00061097
21.09,0.00063822
21.095,0.00092586
21.1,0.00095123
21.105,0.00068478
21.11,0.00047458
21.115,0.00038401
21.12,0.00045509
21.125,0.00053225
21.13,0.00050936
21.135,0.00040779
21.14,0.00035108
21.145,0.00037042
21.15,0.00039885
21.155,0.0003951
21.16,0.00043309
21.165,0.00046592
21.17,0.00048691
21.175,0.00052572
21.18,0.00054033
21.185,0.00057791
21.19,0.00065641
21.195,0.00068875
21.2,0.00076249
21.205,0.00084279
21.21,0.00085478
21.215,0.00081236
21.22,0.00079159
21.225,0.00082605
21.23,0.00084576
21.235,0.00081918
21.24,0.00079598
21.245,0.00081424
21.25,0.00084557
21.255,0.00088208
21.26,0.00093532
21.265,0.00098661
21.27,0.0010053
21.275,0.00099283
21.28,0.0009821
21.285,0.00099579
21.29,0.00098889
21.295,0.00098135
21.3,0.00098365
21.305,0.00097135
21.31,0.00096137
21.315,0.00096316
21.32,0.00096703
21.325,0.00094419
21.33,0.00089718
21.335,0.00087469
21.34,0.00087481
21.345,0.00085428
21.35,0.00084584
21.355,0.00083927
21.36,0.00081922
21.365,0.00079714
21.37,0.00078471
21.375,0.00077523
21.38,0.00075836
21.385,0.00073192
21.39,0.00070662
21.395,0.00069439
21.4,0.00069381
21.405,0.00068014
21.41,0.00065715
21.415,0.00063146
21.42,0.00061642
21.425,0.00060341
21.43,0.00057746
21.435,0.00055588
21.44,0.00054469
21.445,0.00052884
21.45,0.00051012
21.455,0.00049656
21.46,0.00048576
21.465,0.00047151
21.47,0.0004567
21.475,0.00044861
21.48,0.00043932
21.485,0.00042866
21.49,0.00041905
21.495,0.00041139
21.5,0.00040559
21.505,0.00039749
21.51,0.0003895
21.515,0.00038259
21.52,0.00037864
21.525,0.00037237
21.53,0.00036531
21.535,0.00035986
21.54,0.00035596
21.545,0.00035274
21.55,0.00034816
21.555,0.00034406
21.56,0.0003426
21.565,0.00034322
21.57,0.00034229
21.575,0.00034006
21.58,0.00033949
21.585,0.00034033
21.59,0.00034152
21.595,0.00034275
21.6,0.00034418
21.605,0.00034569
21.61,0.00034738
21.615,0.00034962
21.62,0.00035228
21.625,0.00035529
21.63,0.00035839
21.635,0.00036171
21.64,0.00036537
21.645,0.00036901
21.65,0.00037276
21.655,0.00037677
21.66,0.00038114
21.665,0.00038554
21.67,0.00039
21.675,0.00039452
21.68,0.00039918
21.685,0.00040393
21.69,0.00040878
21.695,0.0004137
21.7,0.00041871
21.705,0.00042379
21.71,0.00042893
21.715,0.00043413
21.72,0.0004394
21.725,0.00044473
21.73,0.00045013
21.735,0.00045558
21.74,0.00046108
21.745,0.00046663
21.75,0.00047223
21.755,0.00047788
