5.000000000000000971e-02,6.314262888107435327e-08
5.492705709937791003e-02,1.935723122958865563e-07
6.033963203196644753e-02,5.630435161274594404e-07
6.628556827950546348e-02,1.554181091706352631e-06
7.281742387506218162e-02,4.072074834510219957e-06
7.999293598030292329e-02,1.012955720929853556e-05
8.787553124273959904e-02,2.393021900339853877e-05
9.653488644416254039e-02,5.370600642436440802e-05
1.060475443960095521e-01,1.145456148079038281e-04
1.164975905257685934e-01,2.322727338631924655e-04
1.279773961349768008e-01,4.480203065691801267e-04
1.405884348987115340e-01,8.224896217812917429e-04
1.544421798238740651e-01,1.438127903160851860e-03
1.696610885947664460e-01,2.396957943171202070e-03
1.863796860157470037e-01,3.812048452833566390e-03
2.047457531190212676e-01,5.792053873645359313e-03
2.249216334484722968e-01,8.420905056200828076e-03
2.470856680661917548e-01,1.173794834916171495e-02
2.714337719661930604e-01,1.572630095991798746e-02
2.981811658297321421e-01,2.031739475138255591e-02
3.275642784297754240e-01,2.541666189167122308e-02
3.598428365005760243e-01,3.094940150233126824e-02
3.953021605453849174e-01,3.691887467188170041e-02
4.342556868756763944e-01,4.346335026222811898e-02
4.770477381749969603e-01,5.089765513882577030e-02
5.240565670773428275e-01,5.972872329995550927e-02
5.756976996632237054e-01,7.064236136029183877e-02
6.324276084276480026e-01,8.446659964887616445e-02
6.947477471865686205e-01,1.021215470531331160e-01
7.632089835876167960e-01,1.245639496449381795e-01
8.384164684055039896e-01,1.527272288180436255e-01
9.210349846633580917e-01,1.874489488172824958e-01
1.011794823862578463e+00,2.293738623951212530e-01
1.111498241263097153e+00,2.788269946137744149e-01
1.221026547274325580e+00,3.356677925118707329e-01
1.341347897639862730e+00,3.991569735146615616e-01
1.473525851275905518e+00,4.678819557170220689e-01
1.618728771408821876e+00,5.397851583024015909e-01
1.778240153111564137e+00,6.123187065734675416e-01
1.953469968527308698e+00,6.827144808075418236e-01
2.145967130064388773e+00,7.483221500639676282e-01
2.357433181728695981e+00,8.069436368233704471e-01
2.589737339615605372e+00,8.570899097752026075e-01
2.844933014509147817e+00,8.981064035274992641e-01
3.125275962636985483e+00,9.301493787991990114e-01
3.433244225021498952e+00,9.540343759585661054e-01
3.771560031677309244e+00,9.710066328372941591e-01
4.143213864273421976e+00,9.824938891184262779e-01
4.551490889957608310e+00,9.898938517117087388e-01
4.999999999999999112e+00,9.944278964988397806e-01
